1572005850 14304 0 0
1572007159 14326 0 0
1572014402 14375 0 0
1572858907 14387 0 0
1572863260 14388 0 0
1573048270 14440 0 0
1573049839 14440 0 0
1573122802 14643 0 0
1573568548 14653 0 0
1573630725 14687 0 0
1573632121 14688 0 0
1573633191 14688 0 0
1573642384 14719 0 0
1573642405 14719 0 0
1573644191 14723 0 0
1573644782 14728 0 0
1573650403 14748 0 0
1665021815 14748 0 128
1665051792 14748 0 128
1665051865 14748 0 140
1665051908 14748 0 140
1665052137 14748 0 158
1665052142 14748 0 160
1665053066 14748 0 160
1665053079 14748 0 160
