1475591481 1017
1475657671 1056
1476198062 1066
1476286276 1244
1476287315 1418
1476291796 1433
1476459603 1671
1476459819 1672
1476459846 1707
1476459906 1573
1477464249 1926
1477466897 1940
1477483439 2012
1477491730 2136
1477562896 2169
1477574166 2195
1477579595 2428
1478100036 2310
1478104108 2310
1478107194 2462
1478120904 2498
1478177252 2684
1478250229 2737
1478253604 2732
1478254283 2742
1478527964 2767
1478531074 2775
1478553744 2807
1478554968 2816
1478559646 2949
1478803595 2955
1479110757 2944
1479116958 2943
1479120960 2952
1479122856 2954
1479129540 2974
1479134732 2950
1479136983 3112
1479204942 3154
1479209064 3165
1479209253 3165
1479225911 3165
1479283260 3171
1479288048 3401
1479305487 3425
1479306220 3474
1480069356 3474
1480085206 3779
1493034850 3800
1493210654 3825
1493212880 3798
1493223934 3816
1493288874 3818
1493297724 3823
1493723614 3846
1493724981 3883
1493733838 3928
1493906415 4015
1493910451 4038
1493978886 4056
1493987448 4099
1494412988 4103
1494415364 4134
1494420544 4377
1494435252 4449
1495550478 4623
1496068141 4627
1496225562 4806
1496236039 4792
1496242461 5046
1496247605 5059
1496307351 5055
1496326391 5035
1496327593 5038
1496327805 4995
1496328722 5007
1496407687 5667
1496417110 5750
1496747786 5774
1496819756 5777
1496843269 6064
1496844373 6072
1496845504 6074
1496854023 6110
1496929305 6114
1496942999 6238
1496999694 6230
1497001749 6292
1497011356 6292
1497435077 6495
1497452611 6815
1497454600 6846
1497537633 6894
1498036827 7129
1498055482 7153
1498055887 7154
1498058892 7155
1498060810 7169
1498061955 7259
1498064780 7264
1498110294 7287
1498134809 7211
1498134833 7213
1498228571 7599
1498835079 7628
1498836648 7663
1498837467 7670
1499073044 7696
1499073399 7696
1499172970 7698
1499186953 7827
1499245386 7843
1499261620 7843
1499273323 7909
1499426328 7891
1499427428 7895
1499697346 7906
1499775512 7982
1499783954 7959
1504616554 7961
1504618399 7964
1504710137 7968
1505813636 7992
1505814177 7992
1505815615 7992
1505816271 7989
1505816411 7989
1505816741 7992
1505817156 7992
1505819890 8014
1505820122 8016
1505820931 8016
1505820951 8016
1505821768 8019
1505823715 8019
1505826638 8019
1505830859 8019
1505831641 8016
1506076347 8185
1506077703 8180
1507727497 8366
1507727525 8371
1507728624 8389
1507730520 8365
1507730618 8389
1507730788 8389
1509099000 8394
1509102312 8398
1509142369 8405
1509143750 8405
1509211515 8406
1509213733 8410
1510161086 8415
1517845192 8421
1537894884 8440
1537895173 8443
1543432682 8482
1566313465 8482
