1581522671 2090
1581949126 2090
1582021439 2116
1582022314 2116
1582040872 2116
1584372192 1205
1584379936 1221
1584442032 1221
1584457516 1261
1584457771 1261
1584462032 1999
1587365913 3777
1587370954 3773
1587371141 3782
1587391661 3834
1587401108 3937
1587982694 4276
1587983075 4276
1587983713 4107
1587988848 4237
1587990298 4279
1587992013 4297
1588005646 4352
1588005996 4373
1588006351 4388
1588254625 4495
1588262202 4640
1588263992 4648
1588670926 4661
1588671287 4664
1588671563 4668
1588697387 4666
1588697446 4666
1588697577 4809
1588697627 4921
1588776517 4884
1588776752 4884
1588786488 4938
1589308583 5063
1589556618 7801
1589557085 7801
1589557877 7801
1589558206 7801
1589792025 7809
1589806186 7833
1589806246 7851
1589806763 7857
1589874128 7857
1589883270 7906
1589883323 7910
1589883398 7883
1589892365 8023
1589903186 8029
1589903209 8123
1589961219 8131
1589961470 8132
1589981839 8132
1589981870 8221
1589990136 8221
1589990187 8362
1590418199 8342
1590483289 8328
1590498434 8322
1590509817 8620
1590569684 8635
1590569733 8640
1590573845 8639
1590582519 8641
1590584668 8625
1590596612 8825
1590673519 8854
1590685064 9162
1590737669 9240
1590761658 9246
1590761694 9555
1590871492 9565
1591105291 9662
1591118671 9751
1591194578 9659
1591256903 9668
1591261583 9694
1591276650 9691
1591276713 10187
1591276746 10194
1591290245 10216
1591290336 10351
1591290387 10356
1591348278 10594
1591348297 10599
1591360036 10623
1591361646 10629
1591361768 10638
1591362816 10638
1591371635 10681
1591372668 11025
1591601566 11029
1591610197 11044
1591625401 11253
1591628352 11257
1591705314 11259
1591705809 11263
1591706031 11267
1591719436 11540
1591719480 11550
1591774067 11554
1591791587 12169
1591796653 12156
1591805942 12290
1591862677 12299
1591862847 12311
1591881588 12344
1591892913 12410
1591945078 12412
1591945418 12422
1591947919 12427
1591954449 12427
1591954557 12427
1591955488 12431
1591976534 12493
1591976561 12492
1591977841 12548
1592223147 12048
1592236975 11990
1592289668 12027
1592302493 12069
1592315103 12120
1592321850 12146
1592381777 12242
1592386166 12392
1592405360 12405
1592405769 12405
1592405851 12470
1592480420 12470
1592480571 12468
1592480644 12527
1592484639 12527
1592484663 12581
1592485718 12578
1592491222 12604
1592492052 12676
1592494194 12678
1592495102 12704
1592550372 12706
1592553582 12794
1592557581 12798
1592579930 12934
1592815049 12974
1592840051 13074
1592900068 13087
1593007490 13087
1593014231 13092
1593098129 13092
1593098180 13130
1593154719 13130
1593155224 13130
1593155234 13135
1593172873 13135
1593174309 13136
1593178142 13128
1593421609 13247
1593425866 13257
1593443290 13260
1593445669 13262
1593510651 13248
1593510659 13247
1593511661 13454
1593519264 13457
1593520933 13470
1593522575 13471
1593526555 13495
1593528477 13505
1593528747 13505
1593529146 13505
1593529297 13505
1593529492 13506
1593529603 13507
1593529764 13507
1593530081 13507
1593530279 13507
1593530558 13505
1593530787 13502
1593531172 13501
1593531304 13504
1593531434 13504
1593531615 13504
1593531807 13504
1593531982 13504
1593532384 13505
1593613683 13514
1593669661 13566
1593669899 13569
1593671889 13569
1593674072 13569
1593676805 13569
1593677627 13570
1593680613 13576
1593680933 13575
1593681645 13593
1593682640 13575
1593682711 13575
1593682835 13575
1593683239 13575
1593683638 13575
1593685427 13575
1593695333 13713
1593736287 14332
1593736370 14432
1593736526 14436
1593758973 13720
1593760336 13726
1593761057 13727
1593767061 14453
1593767076 14454
1593769110 13728
1593771103 14457
1593771866 14457
1593781780 14333
1594051316 14849
1594110673 14896
1594112184 14896
1594134343 16097
1594138916 16098
1594196896 16097
1594197956 16104
1594303759 16146
1594305090 16099
1594307361 16124
1594375737 16857
1594386634 16857
1597677466 16911
1597741797 16933
1597744310 16933
1597744399 16897
1597744699 16897
1597847280 16925
1598263397 16984
1598263437 16984
1598271095 16989
1598524354 17032
1598524390 17018
1598533172 17050
1598533379 17048
1598623379 17052
1599207802 17176
1599477639 17172
1600937327 17094
1601032718 17100
1601389805 17099
1601452957 17100
1601455150 17103
1601462539 17103
1601550213 17103
1601550233 17110
1601886162 17119
1601889971 17121
1601890326 17123
1601987404 17127
1602053443 17131
1602053483 17140
1602054899 17164
1602055590 17164
1602075414 17173
1602513303 17174
1602582225 17181
1602582262 17189
1602588405 17182
1602661782 17224
1602663777 17180
1602664145 17181
1602665295 17180
1602667114 17181
1602668938 17180
1602841308 17444
1602845794 17445
1603821223 17491
1603822097 17488
1603871232 17488
