1444216198 1057
1444220826 1080
1444226945 1065
1444227556 9657
1444240099 9853
1444240220 9771
1444318433 1182
1444318927 1182
1444321879 1198
1444323552 1212
1444376992 1279
1446456539 1279
1446459561 1279
1446459582 1279
1446460043 1279
1446460215 1279
1446460480 1279
1446460626 1279
1446461147 1280
1446461354 1281
1446461788 1293
1446462940 1303
1446480821 1352
1446483521 1370
1446547648 1416
1446559148 1416
1446662181 2307
1446674528 2304
1446708662 2321
1446726008 2315
1446803596 2400
1446819111 2425
1446819137 2421
1446822366 2456
1446839148 2464
1446883063 2530
1447019881 2523
1447416975 2651
1447420465 2574
1447421565 2583
1447424299 2542
1447427350 2556
1447749561 2461
1447778598 2695
1447782789 2727
1448016437 2648
1448018104 2644
1448020876 2664
1448022243 2678
1448044426 2731
1448274835 2737
1448384524 2761
1448385905 2806
1448387680 2806
1448388214 2802
1448388902 2802
1448389247 2802
1448832120 3103
1449235768 3450
1449684735 4265
1450203528 4741
1455195466 6675
1456410446 7479
1456827999 8126
1463157630 9657
1464017016 10227
1464023589 10526
1464260142 11241
1464626757 11278
1464788699 11318
1464789492 11301
1464872901 11298
1464878887 11298
1464879305 11298
1464879569 11298
1466107512 10492
1466108599 10506
1466410961 10509
1466416713 10510
1466416902 10501
1466417998 10922
1466521768 10906
1466529572 10884
1466582958 10911
1466687941 10910
1466699496 10914
1467031862 10951
1467031973 10951
1467216575 10951
1467713756 10952
1473836246 10952
1473842811 10979
1473853057 10545
1473855210 10545
1473935663 10547
1473936300 10525
1474281290 10526
1474290099 10526
1474297197 10526
1474880371 10523
1475574260 10525
1476107554 10525
1476707384 10557
1479912196 10680
1481464891 10881
1481467720 10881
1504689806 10891
1504704291 10891
1504708134 10888
1506078243 10890
1506093154 10903
1506099246 10946
1506099448 10946
1506101388 10918
1506352654 10962
1506437875 10611
1506540161 10637
1506540221 10724
1506603012 10746
1507706642 10777
1507730881 10801
1507731105 10796
1507887425 10804
1511444797 10804
1511444810 10806
1511448252 10806
1517076172 10808
1523528857 10808
1543305193 10808
1543305549 10812
1543511257 10814
1544458137 10814
