1401887028 0
1401953332 241
1401959925 760
1401963843 219
1401964152 215
1401964890 929
1401964983 925
1401970251 881
1401971495 886
1401972138 887
1401972201 889
1401972533 890
1401972687 890
1401974879 893
1401977260 879
1401977569 879
1402042786 893
1402059089 897
1402405649 898
1402993122 900
1402997776 966
1402997902 913
1403078541 923
1403252097 946
1403252532 947
1403257153 947
1403257245 947
1403268287 951
1403268920 953
1403269060 953
1403269231 953
1403269294 954
1403273446 953
1403509240 953
1403509293 953
1403529197 953
1403529339 1565
1403529657 953
1403530002 962
1403777312 962
