1570176289 91
1570176583 91
1570451892 896
1570453134 913
1570540474 925
1570540493 952
1570540584 953
1570644618 1039
1570644656 1111
1570715723 1112
1570734182 1140
1571166020 1299
1571213180 1307
1571327266 1196
1571327318 1197
1571383906 1198
1572855644 1250
1573027412 1250
1573213074 1251
1576740875 1251
1578566652 1252
1580286427 1257
1580287372 1266
1580287531 1266
1580800791 1277
1580801162 1275
1580992780 1276
1581022328 1288
1582613838 1288
1582613910 1298
1582615288 1307
1582618967 1311
1582622447 1307
1583247498 1256
1583247531 1356
1583306125 1357
1583330453 1359
1583392615 1362
1583392681 1362
1584621578 1363
1584621588 1383
1585556230 1392
1585556266 1392
1586436056 1393
1587456011 1397
1587457075 1448
1587457614 1448
1587466120 1451
1588057692 1455
1588057824 1456
1589190486 1487
1589190718 1485
1589220629 1486
1589292175 1486
1589292209 1486
1589292380 1492
1589704674 1485
1589704690 2924
1589705541 2919
1589784481 2920
1590143752 2954
1590143785 2953
1590154096 2961
1590154843 2970
1590154857 2970
1590328242 2971
1590388570 2961
1592306786 2961
1592308438 2961
1592308459 2966
1592921985 2966
1604655973 2976
1604655986 2986
1604667745 2986
1605454926 2988
1605455359 2990
1605605326 2988
1605615318 3107
1605620681 3053
1606292673 3054
1606839610 3055
1606930438 3062
1607589776 3055
1609921369 3059
1609923969 3059
1609924380 3064
1610017844 3064
1610017910 3070
1610374838 3071
1610957046 3072
1611844314 3069
1612539646 3070
1613398903 3070
1613985686 3070
1614334425 3071
