1392854422 0 0 0 1 0 0 0 0 0 0 0 0 0 0 0 0
1392854846 0 0 0 2 0 0 0 0 0 0 0 0 0 0 0 0
1392895645 0 0 0 3 0 0 0 0 0 0 0 0 0 0 0 0
1392899455 0 0 0 4 0 0 0 0 0 0 0 0 0 0 0 0
1392899608 0 0 0 5 0 0 0 0 0 0 0 0 0 0 0 0
1392900390 0 0 0 6 0 0 0 0 0 0 0 0 0 0 0 0
1392900542 0 0 0 7 0 0 0 0 0 0 0 0 0 0 0 0
1392900613 0 0 0 8 0 0 0 0 0 0 0 0 0 0 0 0
1392911661 0 0 0 9 0 0 0 0 0 0 0 0 0 0 0 0
1392920386 0 0 0 10 0 0 0 0 0 0 0 0 0 0 0 0
1392922439 0 0 0 11 0 0 0 0 0 0 0 0 0 0 0 0
1392928521 0 0 0 12 0 0 0 0 0 0 0 0 0 0 0 0
1392928670 0 0 0 13 0 0 0 0 0 0 0 0 0 0 0 0
1392930078 0 0 0 14 0 0 0 0 0 0 0 0 0 0 0 0
1392942560 0 0 0 15 0 0 0 0 0 0 0 0 0 0 0 0
1392944281 0 0 0 16 0 0 0 0 0 0 0 0 0 0 0 0
1392986311 0 0 0 17 0 0 0 0 0 0 0 0 0 0 0 0
1393029662 0 0 0 18 0 0 0 0 0 0 0 0 0 0 0 0
1393099418 0 0 0 19 0 0 0 0 0 0 0 0 0 0 0 0
1393110248 0 0 0 20 0 0 0 0 0 0 0 0 0 0 0 0
1393177549 0 0 0 21 0 0 0 0 0 0 0 0 0 0 0 0
1393284240 0 0 0 22 0 0 0 0 0 0 0 0 0 0 0 0
1394277265 0 0 0 23 0 0 0 0 0 0 0 0 0 0 0 0
1394410738 0 0 0 24 0 0 0 0 0 0 0 0 0 0 0 0
1395354902 0 0 0 25 0 0 0 0 0 0 0 0 0 0 0 0
1395362343 0 0 0 26 0 0 0 0 0 0 0 0 0 0 0 0
1395418124 0 0 0 27 0 0 0 0 0 0 0 0 0 0 0 0
1395420064 0 0 0 28 0 0 0 0 0 0 0 0 0 0 0 0
1395421435 0 0 0 29 0 0 0 0 0 0 0 0 0 0 0 0
1395428409 0 0 0 29 0 1 0 0 0 0 0 0 0 0 0 0
1395431529 0 0 0 30 0 1 0 0 0 0 0 0 0 0 0 0
1395440432 0 0 0 31 0 1 0 0 0 0 0 0 0 0 0 0
1395831784 0 0 0 31 0 2 0 0 0 0 0 0 0 0 0 0
1395935301 0 0 0 32 0 2 0 0 0 0 0 0 0 0 0 0
1395935349 0 0 0 33 0 2 0 0 0 0 0 0 0 0 0 0
1396088838 0 0 0 34 0 2 0 0 0 0 0 0 0 0 0 0
1396092993 0 0 0 35 0 2 0 0 0 0 0 0 0 0 0 0
1396103383 0 0 0 36 0 2 0 0 0 0 0 0 0 0 0 0
1396191796 0 0 0 37 0 2 0 0 0 0 0 0 0 0 0 0
1396205696 0 0 0 38 0 2 0 0 0 0 0 0 0 0 0 0
1396206056 0 0 0 39 0 2 0 0 0 0 0 0 0 0 0 0
1396257570 0 0 0 40 0 2 0 0 0 0 0 0 0 0 0 0
1396304694 0 0 0 41 0 2 0 0 0 0 0 0 0 0 0 0
1396372268 0 0 0 42 0 2 0 0 0 0 0 0 0 0 0 0
1396419117 0 0 0 43 0 2 0 0 0 0 0 0 0 0 0 0
1396449249 0 0 0 44 0 2 0 0 0 0 0 0 0 0 0 0
1396481046 0 0 0 45 0 2 0 0 0 0 0 0 0 0 0 0
1396560148 0 0 0 46 0 2 0 0 0 0 0 0 0 0 0 0
1396608464 0 0 0 47 0 2 0 0 0 0 0 0 0 0 0 0
1397169854 0 0 0 48 0 2 0 0 0 0 0 0 0 0 0 0
1397597866 0 0 0 49 0 2 0 0 0 0 0 0 0 0 0 0
1397726775 0 0 0 50 0 2 0 0 0 0 0 0 0 0 0 0
1398116188 0 0 0 51 0 2 0 0 0 0 0 0 0 0 0 0
1398245936 0 0 0 52 0 2 0 0 0 0 0 0 0 0 0 0
1398268960 0 0 0 53 0 2 0 0 0 0 0 0 0 0 0 0
1398284199 0 0 0 54 0 2 0 0 0 0 0 0 0 0 0 0
1398285975 0 0 0 55 0 2 0 0 0 0 0 0 0 0 0 0
1398293160 0 0 0 56 0 2 0 0 0 0 0 0 0 0 0 0
1398356178 0 0 0 57 0 2 0 0 0 0 0 0 0 0 0 0
1398368078 0 0 0 58 0 2 0 0 0 0 0 0 0 0 0 0
1398370990 0 0 0 59 0 2 0 0 0 0 0 0 0 0 0 0
1398373003 0 0 0 60 0 2 0 0 0 0 0 0 0 0 0 0
1398441226 0 0 0 60 0 2 0 0 1 0 0 0 0 0 0 0
1398442380 0 0 0 60 0 2 0 0 2 0 0 0 0 0 0 0
1398443449 0 0 0 60 0 2 0 0 3 0 0 0 0 0 0 0
1398471234 0 0 0 60 0 2 0 0 4 0 0 0 0 0 0 0
1398473991 0 0 0 60 0 2 0 0 5 0 0 0 0 0 0 0
1398474560 0 0 0 60 0 2 0 0 6 0 0 0 0 0 0 0
1398478100 0 0 0 60 0 2 0 0 7 0 0 0 0 0 0 0
1398478715 0 0 0 60 0 2 0 0 8 0 0 0 0 0 0 0
1398480625 0 0 0 60 0 2 0 0 9 0 0 0 0 0 0 0
1398481393 0 0 0 60 0 2 0 0 10 0 0 0 0 0 0 0
1398504651 0 0 0 60 0 2 0 0 11 0 0 0 0 0 0 0
1398513465 0 0 0 60 0 2 0 0 12 0 0 0 0 0 0 0
1398514992 0 0 0 60 0 2 0 0 13 0 0 0 0 0 0 0
1398528135 0 0 0 60 0 2 0 0 14 0 0 0 0 0 0 0
1398695037 0 0 0 61 0 2 0 0 14 0 0 0 0 0 0 0
1398726823 0 0 0 62 0 2 0 0 14 0 0 0 0 0 0 0
1398767679 0 0 0 63 0 2 0 0 14 0 0 0 0 0 0 0
1398769209 0 0 0 64 0 2 0 0 14 0 0 0 0 0 0 0
1398779591 0 0 1 64 0 2 0 0 14 0 0 0 0 0 0 0
1398785966 0 0 1 65 0 2 0 0 14 0 0 0 0 0 0 0
1398785998 0 0 1 66 0 2 0 0 14 0 0 0 0 0 0 0
1398786168 0 0 1 67 0 2 0 0 14 0 0 0 0 0 0 0
1398786622 0 0 1 68 0 2 0 0 14 0 0 0 0 0 0 0
1398787231 0 0 1 69 0 2 0 0 14 0 0 0 0 0 0 0
1398788507 0 0 1 70 0 2 0 0 14 0 0 0 0 0 0 0
1398789140 0 0 1 71 0 2 0 0 14 0 0 0 0 0 0 0
1398792742 0 0 1 71 0 2 0 0 14 0 1 0 0 0 0 0
1398792956 0 0 1 71 0 2 0 0 14 0 2 0 0 0 0 0
1398793243 0 0 1 71 0 2 0 0 14 0 3 0 0 0 0 0
1398794630 0 0 1 71 0 2 0 0 14 0 4 0 0 0 0 0
1398807206 0 0 2 71 0 2 0 0 14 0 4 0 0 0 0 0
1398808228 0 0 3 71 0 2 0 0 14 0 4 0 0 0 0 0
1398808990 0 0 4 71 0 2 0 0 14 0 4 0 0 0 0 0
1398872664 0 0 4 72 0 2 0 0 14 0 4 0 0 0 0 0
1398872786 0 0 4 73 0 2 0 0 14 0 4 0 0 0 0 0
1398874545 0 0 5 73 0 2 0 0 14 0 4 0 0 0 0 0
1398887866 0 0 5 74 0 2 0 0 14 0 4 0 0 0 0 0
1398887879 0 0 5 75 0 2 0 0 14 0 4 0 0 0 0 0
1398889150 0 0 6 75 0 2 0 0 14 0 4 0 0 0 0 0
1398896443 0 0 6 76 0 2 0 0 14 0 4 0 0 0 0 0
1398896459 0 0 6 77 0 2 0 0 14 0 4 0 0 0 0 0
1398896992 0 0 7 77 0 2 0 0 14 0 4 0 0 0 0 0
1399030939 0 0 7 77 0 3 0 0 14 0 4 0 0 0 0 0
1399238240 0 0 8 77 0 3 0 0 14 0 4 0 0 0 0 0
1399239359 0 0 9 77 0 3 0 0 14 0 4 0 0 0 0 0
1399240309 0 0 10 77 0 3 0 0 14 0 4 0 0 0 0 0
1399547896 0 0 11 77 0 3 0 0 14 0 4 0 0 0 0 0
1402312779 0 0 11 78 0 3 0 0 14 0 4 0 0 0 0 0
1402312806 0 0 11 79 0 3 0 0 14 0 4 0 0 0 0 0
1402314236 0 0 11 80 0 3 0 0 14 0 4 0 0 0 0 0
1402316706 0 0 11 81 0 3 0 0 14 0 4 0 0 0 0 0
1402324913 0 0 11 82 0 3 0 0 14 0 4 0 0 0 0 0
1402408917 1 0 11 82 0 3 0 0 14 0 4 0 0 0 0 0
1402571585 2 0 11 82 0 3 0 0 14 0 4 0 0 0 0 0
1402673565 3 0 11 82 0 3 0 0 14 0 4 0 0 0 0 0
1402676569 4 0 11 82 0 3 0 0 14 0 4 0 0 0 0 0
1402820229 5 0 11 82 0 3 0 0 14 0 4 0 0 0 0 0
1402837656 6 0 11 82 0 3 0 0 14 0 4 0 0 0 0 0
1402839016 7 0 11 82 0 3 0 0 14 0 4 0 0 0 0 0
1402910911 8 0 11 82 0 3 0 0 14 0 4 0 0 0 0 0
1402911947 9 0 11 82 0 3 0 0 14 0 4 0 0 0 0 0
1402917784 10 0 11 82 0 3 0 0 14 0 4 0 0 0 0 0
1402929255 11 0 11 82 0 3 0 0 14 0 4 0 0 0 0 0
1403014959 12 0 11 82 0 3 0 0 14 0 4 0 0 0 0 0
1403184188 13 0 11 82 0 3 0 0 14 0 4 0 0 0 0 0
1403214142 14 0 11 82 0 3 0 0 14 0 4 0 0 0 0 0
1403251550 15 0 11 82 0 3 0 0 14 0 4 0 0 0 0 0
1403251933 16 0 11 82 0 3 0 0 14 0 4 0 0 0 0 0
1403283433 17 0 11 82 0 3 0 0 14 0 4 0 0 0 0 0
1403285755 17 0 12 82 0 3 0 0 14 0 4 0 0 0 0 0
1403365600 18 0 12 82 0 3 0 0 14 0 4 0 0 0 0 0
1403467617 19 0 12 82 0 3 0 0 14 0 4 0 0 0 0 0
1403468303 20 0 12 82 0 3 0 0 14 0 4 0 0 0 0 0
1403531200 21 0 12 82 0 3 0 0 14 0 4 0 0 0 0 0
1403532199 22 0 12 82 0 3 0 0 14 0 4 0 0 0 0 0
1403560221 23 0 12 82 0 3 0 0 14 0 4 0 0 0 0 0
1403561376 24 0 12 82 0 3 0 0 14 0 4 0 0 0 0 0
1403646368 25 0 12 82 0 3 0 0 14 0 4 0 0 0 0 0
1403714341 26 0 12 82 0 3 0 0 14 0 4 0 0 0 0 0
1403966888 27 0 12 82 0 3 0 0 14 0 4 0 0 0 0 0
1403970197 28 0 12 82 0 3 0 0 14 0 4 0 0 0 0 0
1403971656 29 0 12 82 0 3 0 0 14 0 4 0 0 0 0 0
1403973563 30 0 12 82 0 3 0 0 14 0 4 0 0 0 0 0
1403974222 31 0 12 82 0 3 0 0 14 0 4 0 0 0 0 0
1403991600 32 0 12 82 0 3 0 0 14 0 4 0 0 0 0 0
1404169130 33 0 12 82 0 3 0 0 14 0 4 0 0 0 0 0
1404234807 34 0 12 82 0 3 0 0 14 0 4 0 0 0 0 0
1404235318 35 0 12 82 0 3 0 0 14 0 4 0 0 0 0 0
1404235692 36 0 12 82 0 3 0 0 14 0 4 0 0 0 0 0
1404313521 37 0 12 82 0 3 0 0 14 0 4 0 0 0 0 0
1404335903 38 0 12 82 0 3 0 0 14 0 4 0 0 0 0 0
1404336753 39 0 12 82 0 3 0 0 14 0 4 0 0 0 0 0
1404336801 40 0 12 82 0 3 0 0 14 0 4 0 0 0 0 0
1404337398 40 0 13 82 0 3 0 0 14 0 4 0 0 0 0 0
1404341444 40 0 14 82 0 3 0 0 14 0 4 0 0 0 0 0
1404342409 40 0 15 82 0 3 0 0 14 0 4 0 0 0 0 0
1404343069 40 0 16 82 0 3 0 0 14 0 4 0 0 0 0 0
1404346056 40 0 17 82 0 3 0 0 14 0 4 0 0 0 0 0
1404939929 41 0 17 82 0 3 0 0 14 0 4 0 0 0 0 0
1404939934 42 0 17 82 0 3 0 0 14 0 4 0 0 0 0 0
1405084817 43 0 17 82 0 3 0 0 14 0 4 0 0 0 0 0
1405201911 44 0 17 82 0 3 0 0 14 0 4 0 0 0 0 0
1405494595 45 0 17 82 0 3 0 0 14 0 4 0 0 0 0 0
1405497323 46 0 17 82 0 3 0 0 14 0 4 0 0 0 0 0
1405499609 47 0 17 82 0 3 0 0 14 0 4 0 0 0 0 0
1405527607 48 0 17 82 0 3 0 0 14 0 4 0 0 0 0 0
1405855411 49 0 17 82 0 3 0 0 14 0 4 0 0 0 0 0
1405885834 50 0 17 82 0 3 0 0 14 0 4 0 0 0 0 0
1405957007 51 0 17 82 0 3 0 0 14 0 4 0 0 0 0 0
1406666675 52 0 17 82 0 3 0 0 14 0 4 0 0 0 0 0
1408457793 53 0 17 82 0 3 0 0 14 0 4 0 0 0 0 0
1408487026 54 0 17 82 0 3 0 0 14 0 4 0 0 0 0 0
1408539733 55 0 17 82 0 3 0 0 14 0 4 0 0 0 0 0
1408544594 56 0 17 82 0 3 0 0 14 0 4 0 0 0 0 0
1408578426 57 0 17 82 0 3 0 0 14 0 4 0 0 0 0 0
1408613130 58 0 17 82 0 3 0 0 14 0 4 0 0 0 0 0
1408614267 59 0 17 82 0 3 0 0 14 0 4 0 0 0 0 0
1408619642 60 0 17 82 0 3 0 0 14 0 4 0 0 0 0 0
1408630442 61 0 17 82 0 3 0 0 14 0 4 0 0 0 0 0
1408919821 62 0 17 82 0 3 0 0 14 0 4 0 0 0 0 0
1409128596 63 0 17 82 0 3 0 0 14 0 4 0 0 0 0 0
1409153458 64 0 17 82 0 3 0 0 14 0 4 0 0 0 0 0
1409157135 65 0 17 82 0 3 0 0 14 0 4 0 0 0 0 0
1409223409 66 0 17 82 0 3 0 0 14 0 4 0 0 0 0 0
1409229604 67 0 17 82 0 3 0 0 14 0 4 0 0 0 0 0
1409240161 68 0 17 82 0 3 0 0 14 0 4 0 0 0 0 0
1409243885 69 0 17 82 0 3 0 0 14 0 4 0 0 0 0 0
1409314614 70 0 17 82 0 3 0 0 14 0 4 0 0 0 0 0
1409330527 71 0 17 82 0 3 0 0 14 0 4 0 0 0 0 0
1409331919 72 0 17 82 0 3 0 0 14 0 4 0 0 0 0 0
1409584490 73 0 17 82 0 3 0 0 14 0 4 0 0 0 0 0
1409590836 74 0 17 82 0 3 0 0 14 0 4 0 0 0 0 0
1409754565 75 0 17 82 0 3 0 0 14 0 4 0 0 0 0 0
1409919332 76 0 17 82 0 3 0 0 14 0 4 0 0 0 0 0
1409920640 77 0 17 82 0 3 0 0 14 0 4 0 0 0 0 0
1409927979 78 0 17 82 0 3 0 0 14 0 4 0 0 0 0 0
1409929746 79 0 17 82 0 3 0 0 14 0 4 0 0 0 0 0
1410042924 80 0 17 82 0 3 0 0 14 0 4 0 0 0 0 0
1410257474 81 0 17 82 0 3 0 0 14 0 4 0 0 0 0 0
1410290412 82 0 17 82 0 3 0 0 14 0 4 0 0 0 0 0
1410470962 83 0 17 82 0 3 0 0 14 0 4 0 0 0 0 0
1410471267 84 0 17 82 0 3 0 0 14 0 4 0 0 0 0 0
1410474851 85 0 17 82 0 3 0 0 14 0 4 0 0 0 0 0
1410510213 86 0 17 82 0 3 0 0 14 0 4 0 0 0 0 0
1410527938 87 0 17 82 0 3 0 0 14 0 4 0 0 0 0 0
1410529220 88 0 17 82 0 3 0 0 14 0 4 0 0 0 0 0
1410529881 89 0 17 82 0 3 0 0 14 0 4 0 0 0 0 0
1410532262 90 0 17 82 0 3 0 0 14 0 4 0 0 0 0 0
1410550057 91 0 17 82 0 3 0 0 14 0 4 0 0 0 0 0
1410624734 92 0 17 82 0 3 0 0 14 0 4 0 0 0 0 0
1410627736 93 0 17 82 0 3 0 0 14 0 4 0 0 0 0 0
1410709613 94 0 17 82 0 3 0 0 14 0 4 0 0 0 0 0
1410733573 95 0 17 82 0 3 0 0 14 0 4 0 0 0 0 0
1410788545 96 0 17 82 0 3 0 0 14 0 4 0 0 0 0 0
1410793943 97 0 17 82 0 3 0 0 14 0 4 0 0 0 0 0
1410820554 97 0 18 82 0 3 0 0 14 0 4 0 0 0 0 0
1410821734 97 0 19 82 0 3 0 0 14 0 4 0 0 0 0 0
1410825143 97 0 20 82 0 3 0 0 14 0 4 0 0 0 0 0
1410827374 97 0 20 82 0 3 0 0 14 0 4 0 0 0 1 0
1410839181 97 0 21 82 0 3 0 0 14 0 4 0 0 0 1 0
1410839374 97 0 22 82 0 3 0 0 14 0 4 0 0 0 1 0
1410843843 97 0 22 82 0 3 0 0 14 0 5 0 0 0 1 0
1410844095 97 0 22 82 0 3 0 0 14 0 6 0 0 0 1 0
1410847811 97 0 22 82 0 3 0 0 14 0 7 0 0 0 1 0
1410849095 97 0 22 82 0 3 0 0 14 0 8 0 0 0 1 0
1410860517 97 0 23 82 0 3 0 0 14 0 8 0 0 0 1 0
1410895732 97 0 24 82 0 3 0 0 14 0 8 0 0 0 1 0
1410896183 97 0 25 82 0 3 0 0 14 0 8 0 0 0 1 0
1410954897 98 0 25 82 0 3 0 0 14 0 8 0 0 0 1 0
1410954913 99 0 25 82 0 3 0 0 14 0 8 0 0 0 1 0
1410955181 100 0 25 82 0 3 0 0 14 0 8 0 0 0 1 0
1410960794 101 0 25 82 0 3 0 0 14 0 8 0 0 0 1 0
1411059660 102 0 25 82 0 3 0 0 14 0 8 0 0 0 1 0
1411123572 103 0 25 82 0 3 0 0 14 0 8 0 0 0 1 0
1411123901 104 0 25 82 0 3 0 0 14 0 8 0 0 0 1 0
1411131562 104 0 26 82 0 3 0 0 14 0 8 0 0 0 1 0
1411131800 104 0 27 82 0 3 0 0 14 0 8 0 0 0 1 0
1411132561 104 0 28 82 0 3 0 0 14 0 8 0 0 0 1 0
1411132596 104 0 29 82 0 3 0 0 14 0 8 0 0 0 1 0
1411133222 104 0 30 82 0 3 0 0 14 0 8 0 0 0 1 0
1411239750 104 0 30 82 1 3 0 0 14 0 8 0 0 0 1 0
1411317542 105 0 30 82 1 3 0 0 14 0 8 0 0 0 1 0
1411317568 106 0 30 82 1 3 0 0 14 0 8 0 0 0 1 0
1411318209 107 0 30 82 1 3 0 0 14 0 8 0 0 0 1 0
1411318805 108 0 30 82 1 3 0 0 14 0 8 0 0 0 1 0
1411326194 109 0 30 82 1 3 0 0 14 0 8 0 0 0 1 0
1411381009 110 0 30 82 1 3 0 0 14 0 8 0 0 0 1 0
1411381403 111 0 30 82 1 3 0 0 14 0 8 0 0 0 1 0
1411386485 111 0 30 82 2 3 0 0 14 0 8 0 0 0 1 0
1411386521 111 0 30 82 3 3 0 0 14 0 8 0 0 0 1 0
1411394495 111 0 30 82 4 3 0 0 14 0 8 0 0 0 1 0
1411400760 112 0 30 82 4 3 0 0 14 0 8 0 0 0 1 0
1411400772 113 0 30 82 4 3 0 0 14 0 8 0 0 0 1 0
1411402067 114 0 30 82 4 3 0 0 14 0 8 0 0 0 1 0
1411425441 115 0 30 82 4 3 0 0 14 0 8 0 0 0 1 0
1411425876 116 0 30 82 4 3 0 0 14 0 8 0 0 0 1 0
1411461374 117 0 30 82 4 3 0 0 14 0 8 0 0 0 1 0
1411471304 118 0 30 82 4 3 0 0 14 0 8 0 0 0 1 0
1411472781 119 0 30 82 4 3 0 0 14 0 8 0 0 0 1 0
1411474214 119 0 31 82 4 3 0 0 14 0 8 0 0 0 1 0
1411474364 119 0 32 82 4 3 0 0 14 0 8 0 0 0 1 0
1411474807 119 0 33 82 4 3 0 0 14 0 8 0 0 0 1 0
1411482750 119 0 33 82 4 4 0 0 14 0 8 0 0 0 1 0
1411545866 120 0 33 82 4 4 0 0 14 0 8 0 0 0 1 0
1411545886 121 0 33 82 4 4 0 0 14 0 8 0 0 0 1 0
1411550646 122 0 33 82 4 4 0 0 14 0 8 0 0 0 1 0
1411569872 122 0 34 82 4 4 0 0 14 0 8 0 0 0 1 0
1411635147 123 0 34 82 4 4 0 0 14 0 8 0 0 0 1 0
1411635159 124 0 34 82 4 4 0 0 14 0 8 0 0 0 1 0
1411635364 125 0 34 82 4 4 0 0 14 0 8 0 0 0 1 0
1411635941 126 0 34 82 4 4 0 0 14 0 8 0 0 0 1 0
1411647604 126 0 34 82 5 4 0 0 14 0 8 0 0 0 1 0
1411647711 126 0 34 82 6 4 0 0 14 0 8 0 0 0 1 0
1411648335 126 0 34 82 7 4 0 0 14 0 8 0 0 0 1 0
1411648706 126 0 34 82 7 5 0 0 14 0 8 0 0 0 1 0
1411653220 127 0 34 82 7 5 0 0 14 0 8 0 0 0 1 0
1411653228 128 0 34 82 7 5 0 0 14 0 8 0 0 0 1 0
1411655338 128 0 35 82 7 5 0 0 14 0 8 0 0 0 1 0
1411655369 128 0 36 82 7 5 0 0 14 0 8 0 0 0 1 0
1411656769 129 0 36 82 7 5 0 0 14 0 8 0 0 0 1 0
1411656783 130 0 36 82 7 5 0 0 14 0 8 0 0 0 1 0
1411657416 131 0 36 82 7 5 0 0 14 0 8 0 0 0 1 0
1411657886 131 0 36 82 7 6 0 0 14 0 8 0 0 0 1 0
1411657914 131 0 37 82 7 6 0 0 14 0 8 0 0 0 1 0
1411657926 131 0 38 82 7 6 0 0 14 0 8 0 0 0 1 0
1411657935 131 0 38 82 7 7 0 0 14 0 8 0 0 0 1 0
1411686096 131 0 39 82 7 7 0 0 14 0 8 0 0 0 1 0
1411733115 132 0 39 82 7 7 0 0 14 0 8 0 0 0 1 0
1411733132 133 0 39 82 7 7 0 0 14 0 8 0 0 0 1 0
1411828244 134 0 39 82 7 7 0 0 14 0 8 0 0 0 1 0
1411834700 135 0 39 82 7 7 0 0 14 0 8 0 0 0 1 0
1411835375 136 0 39 82 7 7 0 0 14 0 8 0 0 0 1 0
1411836453 137 0 39 82 7 7 0 0 14 0 8 0 0 0 1 0
1411836611 138 0 39 82 7 7 0 0 14 0 8 0 0 0 1 0
1411927973 139 0 39 82 7 7 0 0 14 0 8 0 0 0 1 0
1411929554 139 0 40 82 7 7 0 0 14 0 8 0 0 0 1 0
1411929687 139 0 41 82 7 7 0 0 14 0 8 0 0 0 1 0
1411935049 140 0 41 82 7 7 0 0 14 0 8 0 0 0 1 0
1411936925 140 0 42 82 7 7 0 0 14 0 8 0 0 0 1 0
1412000423 140 0 43 82 7 7 0 0 14 0 8 0 0 0 1 0
1412000490 140 0 44 82 7 7 0 0 14 0 8 0 0 0 1 0
1412030755 141 0 44 82 7 7 0 0 14 0 8 0 0 0 1 0
1412116124 142 0 44 82 7 7 0 0 14 0 8 0 0 0 1 0
1412154273 143 0 44 82 7 7 0 0 14 0 8 0 0 0 1 0
1412154770 144 0 44 82 7 7 0 0 14 0 8 0 0 0 1 0
1412155337 145 0 44 82 7 7 0 0 14 0 8 0 0 0 1 0
1412171557 146 0 44 82 7 7 0 0 14 0 8 0 0 0 1 0
1412171613 147 0 44 82 7 7 0 0 14 0 8 0 0 0 1 0
1412184036 148 0 44 82 7 7 0 0 14 0 8 0 0 0 1 0
1412202961 149 0 44 82 7 7 0 0 14 0 8 0 0 0 1 0
1412241370 150 0 44 82 7 7 0 0 14 0 8 0 0 0 1 0
1412267980 151 0 44 82 7 7 0 0 14 0 8 0 0 0 1 0
1412270564 152 0 44 82 7 7 0 0 14 0 8 0 0 0 1 0
1412290239 153 0 44 82 7 7 0 0 14 0 8 0 0 0 1 0
1412367275 154 0 44 82 7 7 0 0 14 0 8 0 0 0 1 0
1412369705 155 0 44 82 7 7 0 0 14 0 8 0 0 0 1 0
1412372631 156 0 44 82 7 7 0 0 14 0 8 0 0 0 1 0
1412440617 156 0 45 82 7 7 0 0 14 0 8 0 0 0 1 0
1412441026 156 0 46 82 7 7 0 0 14 0 8 0 0 0 1 0
1412441154 156 0 47 82 7 7 0 0 14 0 8 0 0 0 1 0
1412441236 156 0 48 82 7 7 0 0 14 0 8 0 0 0 1 0
1412441542 156 0 49 82 7 7 0 0 14 0 8 0 0 0 1 0
1412450706 157 0 49 82 7 7 0 0 14 0 8 0 0 0 1 0
1412450735 158 0 49 82 7 7 0 0 14 0 8 0 0 0 1 0
1412462128 158 0 50 82 7 7 0 0 14 0 8 0 0 0 1 0
1412462444 158 0 51 82 7 7 0 0 14 0 8 0 0 0 1 0
1412462756 159 0 51 82 7 7 0 0 14 0 8 0 0 0 1 0
1412503639 160 0 51 82 7 7 0 0 14 0 8 0 0 0 1 0
1412525550 160 0 51 82 7 8 0 0 14 0 8 0 0 0 1 0
1412535272 161 0 51 82 7 8 0 0 14 0 8 0 0 0 1 0
1412535279 162 0 51 82 7 8 0 0 14 0 8 0 0 0 1 0
1412538106 163 0 51 82 7 8 0 0 14 0 8 0 0 0 1 0
1412544917 163 0 52 82 7 8 0 0 14 0 8 0 0 0 1 0
1412545069 163 0 53 82 7 8 0 0 14 0 8 0 0 0 1 0
1412592123 163 0 54 82 7 8 0 0 14 0 8 0 0 0 1 0
1412612603 164 0 54 82 7 8 0 0 14 0 8 0 0 0 1 0
1412616112 165 0 54 82 7 8 0 0 14 0 8 0 0 0 1 0
1412616806 166 0 54 82 7 8 0 0 14 0 8 0 0 0 1 0
1412617022 166 0 55 82 7 8 0 0 14 0 8 0 0 0 1 0
1412617957 166 0 56 82 7 8 0 0 14 0 8 0 0 0 1 0
1412632534 166 0 57 82 7 8 0 0 14 0 8 0 0 0 1 0
1412669760 167 0 57 82 7 8 0 0 14 0 8 0 0 0 1 0
1412669772 168 0 57 82 7 8 0 0 14 0 8 0 0 0 1 0
1412671603 169 0 57 82 7 8 0 0 14 0 8 0 0 0 1 0
1412679274 170 0 57 82 7 8 0 0 14 0 8 0 0 0 1 0
1412681366 171 0 57 82 7 8 0 0 14 0 8 0 0 0 1 0
1412781196 172 0 57 82 7 8 0 0 14 0 8 0 0 0 1 0
1412783312 173 0 57 82 7 8 0 0 14 0 8 0 0 0 1 0
1412804673 174 0 57 82 7 8 0 0 14 0 8 0 0 0 1 0
1412807235 175 0 57 82 7 8 0 0 14 0 8 0 0 0 1 0
1412844484 176 0 57 82 7 8 0 0 14 0 8 0 0 0 1 0
1412845687 176 0 57 82 7 9 0 0 14 0 8 0 0 0 1 0
1412858940 177 0 57 82 7 9 0 0 14 0 8 0 0 0 1 0
1412858968 178 0 57 82 7 9 0 0 14 0 8 0 0 0 1 0
1412860575 178 0 57 82 8 9 0 0 14 0 8 0 0 0 1 0
1412860624 178 0 57 82 9 9 0 0 14 0 8 0 0 0 1 0
1412863036 178 0 57 82 9 10 0 0 14 0 8 0 0 0 1 0
1412871864 179 0 57 82 9 10 0 0 14 0 8 0 0 0 1 0
1412871878 180 0 57 82 9 10 0 0 14 0 8 0 0 0 1 0
1412874632 181 0 57 82 9 10 0 0 14 0 8 0 0 0 1 0
1412876620 181 0 57 82 9 11 0 0 14 0 8 0 0 0 1 0
1412876705 181 0 57 82 9 12 0 0 14 0 8 0 0 0 1 0
1412890451 181 0 57 82 9 13 0 0 14 0 8 0 0 0 1 0
1412891069 182 0 57 82 9 13 0 0 14 0 8 0 0 0 1 0
1412891083 183 0 57 82 9 13 0 0 14 0 8 0 0 0 1 0
1412892050 184 0 57 82 9 13 0 0 14 0 8 0 0 0 1 0
1412894512 185 0 57 82 9 13 0 0 14 0 8 0 0 0 1 0
1412921502 185 0 57 82 9 14 0 0 14 0 8 0 0 0 1 0
1412933941 185 0 57 82 10 14 0 0 14 0 8 0 0 0 1 0
1412934848 185 0 57 82 11 14 0 0 14 0 8 0 0 0 1 0
1412944271 185 0 57 82 11 14 0 0 14 0 8 0 0 1 1 0
1412949140 185 1 57 82 11 14 0 0 14 0 8 0 0 1 1 0
1412959263 185 1 58 82 11 14 0 0 14 0 8 0 0 1 1 0
1412960694 185 1 59 82 11 14 0 0 14 0 8 0 0 1 1 0
1412963093 185 1 59 82 12 14 0 0 14 0 8 0 0 1 1 0
1412963139 185 1 59 82 13 14 0 0 14 0 8 0 0 1 1 0
1412970767 185 1 60 82 13 14 0 0 14 0 8 0 0 1 1 0
1412972143 185 1 61 82 13 14 0 0 14 0 8 0 0 1 1 0
1412972719 185 1 62 82 13 14 0 0 14 0 8 0 0 1 1 0
1412974086 185 1 63 82 13 14 0 0 14 0 8 0 0 1 1 0
1412974392 185 1 64 82 13 14 0 0 14 0 8 0 0 1 1 0
1412974883 185 1 65 82 13 14 0 0 14 0 8 0 0 1 1 0
1412978720 185 1 65 82 13 15 0 0 14 0 8 0 0 1 1 0
1412983937 185 1 66 82 13 15 0 0 14 0 8 0 0 1 1 0
1412983975 185 1 67 82 13 15 0 0 14 0 8 0 0 1 1 0
1412991760 185 1 68 82 13 15 0 0 14 0 8 0 0 1 1 0
1412991974 185 1 69 82 13 15 0 0 14 0 8 0 0 1 1 0
1412992150 185 1 70 82 13 15 0 0 14 0 8 0 0 1 1 0
1412995142 185 1 71 82 13 15 0 0 14 0 8 0 0 1 1 0
1412995638 185 1 72 82 13 15 0 0 14 0 8 0 0 1 1 0
1412997523 185 1 73 82 13 15 0 0 14 0 8 0 0 1 1 0
1413018942 185 1 73 82 14 15 0 0 14 0 8 0 0 1 1 0
1413019277 185 1 73 82 14 16 0 0 14 0 8 0 0 1 1 0
1413021620 185 1 73 82 14 17 0 0 14 0 8 0 0 1 1 0
1413028393 185 1 73 82 15 17 0 0 14 0 8 0 0 1 1 0
1413044566 185 1 73 82 15 18 0 0 14 0 8 0 0 1 1 0
1413046284 185 1 74 82 15 18 0 0 14 0 8 0 0 1 1 0
1413047087 186 1 74 82 15 18 0 0 14 0 8 0 0 1 1 0
1413047358 186 1 75 82 15 18 0 0 14 0 8 0 0 1 1 0
1413047385 186 1 76 82 15 18 0 0 14 0 8 0 0 1 1 0
1413050186 186 1 76 82 15 19 0 0 14 0 8 0 0 1 1 0
1413050242 186 1 76 82 15 20 0 0 14 0 8 0 0 1 1 0
1413051600 186 1 76 82 16 20 0 0 14 0 8 0 0 1 1 0
1413051682 186 1 76 82 17 20 0 0 14 0 8 0 0 1 1 0
1413057676 186 1 76 82 18 20 0 0 14 0 8 0 0 1 1 0
1413058265 186 1 77 82 18 20 0 0 14 0 8 0 0 1 1 0
1413058331 186 1 78 82 18 20 0 0 14 0 8 0 0 1 1 0
1413058493 186 1 79 82 18 20 0 0 14 0 8 0 0 1 1 0
1413058699 186 1 80 82 18 20 0 0 14 0 8 0 0 1 1 0
1413069280 186 1 80 82 18 21 0 0 14 0 8 0 0 1 1 0
1413069332 186 1 80 82 18 22 0 0 14 0 8 0 0 1 1 0
1413069976 186 1 81 82 18 22 0 0 14 0 8 0 0 1 1 0
1413072197 187 1 81 82 18 22 0 0 14 0 8 0 0 1 1 0
1413073737 188 1 81 82 18 22 0 0 14 0 8 0 0 1 1 0
1413107793 188 1 81 82 18 23 0 0 14 0 8 0 0 1 1 0
1413108928 188 1 81 82 18 24 0 0 14 0 8 0 0 1 1 0
1413112360 188 1 81 82 18 25 0 0 14 0 8 0 0 1 1 0
1413115303 188 1 81 82 18 26 0 0 14 0 8 0 0 1 1 0
1413117288 188 1 81 82 18 27 0 0 14 0 8 0 0 1 1 0
1413117923 188 1 81 82 18 28 0 0 14 0 8 0 0 1 1 0
1413120269 188 1 81 82 18 29 0 0 14 0 8 0 0 1 1 0
1413126606 188 1 81 82 18 30 0 0 14 0 8 0 0 1 1 0
1413127597 188 1 81 82 18 31 0 0 14 0 8 0 0 1 1 0
1413130196 188 1 81 82 18 32 0 0 14 0 8 0 0 1 1 0
1413149577 188 1 81 82 18 33 0 0 14 0 8 0 0 1 1 0
1413154551 188 1 82 82 18 33 0 0 14 0 8 0 0 1 1 0
1413188127 188 1 82 82 19 33 0 0 14 0 8 0 0 1 1 0
1413188454 188 1 82 82 20 33 0 0 14 0 8 0 0 1 1 0
1413188783 188 1 82 82 21 33 0 0 14 0 8 0 0 1 1 0
1413189242 188 1 82 82 22 33 0 0 14 0 8 0 0 1 1 0
1413189368 188 1 82 82 22 34 0 0 14 0 8 0 0 1 1 0
1413189521 188 1 82 82 22 35 0 0 14 0 8 0 0 1 1 0
1413215958 188 1 82 82 22 36 0 0 14 0 8 0 0 1 1 0
1413225997 188 1 82 82 23 36 0 0 14 0 8 0 0 1 1 0
1413226016 188 1 82 82 24 36 0 0 14 0 8 0 0 1 1 0
1413236116 188 1 82 82 25 36 0 0 14 0 8 0 0 1 1 0
1413302889 188 1 82 82 25 37 0 0 14 0 8 0 0 1 1 0
1413304231 188 1 82 82 25 38 0 0 14 0 8 0 0 1 1 0
1413314497 188 1 82 82 25 39 0 0 14 0 8 0 0 1 1 0
1413383158 188 1 82 82 26 39 0 0 14 0 8 0 0 1 1 0
1413389665 188 1 82 82 27 39 0 0 14 0 8 0 0 1 1 0
1413391563 188 1 82 82 28 39 0 0 14 0 8 0 0 1 1 0
1413392218 188 1 82 82 29 39 0 0 14 0 8 0 0 1 1 0
1413403299 188 1 82 82 29 40 0 0 14 0 8 0 0 1 1 0
1413403302 188 1 82 82 30 40 0 0 14 0 8 0 0 1 1 0
1413403350 188 1 82 82 31 40 0 0 14 0 8 0 0 1 1 0
1413403645 188 1 82 82 31 41 0 0 14 0 8 0 0 1 1 0
1413405903 188 1 82 82 31 42 0 0 14 0 8 0 0 1 1 0
1413406665 188 1 82 82 31 43 0 0 14 0 8 0 0 1 1 0
1413441059 188 1 82 82 31 44 0 0 14 0 8 0 0 1 1 0
1413441267 188 1 82 82 32 44 0 0 14 0 8 0 0 1 1 0
1413441337 188 1 82 82 33 44 0 0 14 0 8 0 0 1 1 0
1413449979 188 1 82 82 33 45 0 0 14 0 8 0 0 1 1 0
1413465179 189 1 82 82 33 45 0 0 14 0 8 0 0 1 1 0
1413465199 190 1 82 82 33 45 0 0 14 0 8 0 0 1 1 0
1413644979 190 1 82 82 34 45 0 0 14 0 8 0 0 1 1 0
1413659014 190 1 82 82 35 45 0 0 14 0 8 0 0 1 1 0
1413664551 190 1 82 82 36 45 0 0 14 0 8 0 0 1 1 0
1413710494 190 1 82 82 37 45 0 0 14 0 8 0 0 1 1 0
1413837883 191 1 82 82 37 45 0 0 14 0 8 0 0 1 1 0
1413837897 192 1 82 82 37 45 0 0 14 0 8 0 0 1 1 0
1413838291 193 1 82 82 37 45 0 0 14 0 8 0 0 1 1 0
1413847568 194 1 82 82 37 45 0 0 14 0 8 0 0 1 1 0
1413911670 195 1 82 82 37 45 0 0 14 0 8 0 0 1 1 0
1414015769 196 1 82 82 37 45 0 0 14 0 8 0 0 1 1 0
1414016298 197 1 82 82 37 45 0 0 14 0 8 0 0 1 1 0
1414106866 198 1 82 82 37 45 0 0 14 0 8 0 0 1 1 0
1414108877 199 1 82 82 37 45 0 0 14 0 8 0 0 1 1 0
1414176785 200 1 82 82 37 45 0 0 14 0 8 0 0 1 1 0
1414178217 201 1 82 82 37 45 0 0 14 0 8 0 0 1 1 0
1414192009 202 1 82 82 37 45 0 0 14 0 8 0 0 1 1 0
1414239201 203 1 82 82 37 45 0 0 14 0 8 0 0 1 1 0
1414239925 204 1 82 82 37 45 0 0 14 0 8 0 0 1 1 0
1414241105 205 1 82 82 37 45 0 0 14 0 8 0 0 1 1 0
1414258123 206 1 82 82 37 45 0 0 14 0 8 0 0 1 1 0
1414264329 207 1 82 82 37 45 0 0 14 0 8 0 0 1 1 0
1414437797 208 1 82 82 37 45 0 0 14 0 8 0 0 1 1 0
1414455189 209 1 82 82 37 45 0 0 14 0 8 0 0 1 1 0
1414518684 210 1 82 82 37 45 0 0 14 0 8 0 0 1 1 0
1414523437 211 1 82 82 37 45 0 0 14 0 8 0 0 1 1 0
1414595542 212 1 82 82 37 45 0 0 14 0 8 0 0 1 1 0
1414600250 213 1 82 82 37 45 0 0 14 0 8 0 0 1 1 0
1414605053 214 1 82 82 37 45 0 0 14 0 8 0 0 1 1 0
1414764820 215 1 82 82 37 45 0 0 14 0 8 0 0 1 1 0
1414797229 216 1 82 82 37 45 0 0 14 0 8 0 0 1 1 0
1414798024 217 1 82 82 37 45 0 0 14 0 8 0 0 1 1 0
1414884658 218 1 82 82 37 45 0 0 14 0 8 0 0 1 1 0
1414949595 219 1 82 82 37 45 0 0 14 0 8 0 0 1 1 0
1414963313 220 1 82 82 37 45 0 0 14 0 8 0 0 1 1 0
1414966475 221 1 82 82 37 45 0 0 14 0 8 0 0 1 1 0
1415017179 222 1 82 82 37 45 0 0 14 0 8 0 0 1 1 0
1415039171 223 1 82 82 37 45 0 0 14 0 8 0 0 1 1 0
1415228469 224 1 82 82 37 45 0 0 14 0 8 0 0 1 1 0
1415897665 224 2 82 82 37 45 0 0 14 0 8 0 0 1 1 0
1415910609 224 3 82 82 37 45 0 0 14 0 8 0 0 1 1 0
1415918637 224 3 82 82 38 45 0 0 14 0 8 0 0 1 1 0
1415919199 224 3 82 82 39 45 0 0 14 0 8 0 0 1 1 0
1415960349 224 4 82 82 39 45 0 0 14 0 8 0 0 1 1 0
1415961074 224 5 82 82 39 45 0 0 14 0 8 0 0 1 1 0
1415961944 224 6 82 82 39 45 0 0 14 0 8 0 0 1 1 0
1415973705 224 7 82 82 39 45 0 0 14 0 8 0 0 1 1 0
1415974155 224 8 82 82 39 45 0 0 14 0 8 0 0 1 1 0
1415974274 224 9 82 82 39 45 0 0 14 0 8 0 0 1 1 0
1415974548 224 10 82 82 39 45 0 0 14 0 8 0 0 1 1 0
1415976257 224 11 82 82 39 45 0 0 14 0 8 0 0 1 1 0
1416215223 224 11 82 82 40 45 0 0 14 0 8 0 0 1 1 0
1416227895 224 12 82 82 40 45 0 0 14 0 8 0 0 1 1 0
1416234554 225 12 82 82 40 45 0 0 14 0 8 0 0 1 1 0
1416234566 226 12 82 82 40 45 0 0 14 0 8 0 0 1 1 0
1416238153 226 13 82 82 40 45 0 0 14 0 8 0 0 1 1 0
1416238166 226 14 82 82 40 45 0 0 14 0 8 0 0 1 1 0
1416240839 226 15 82 82 40 45 0 0 14 0 8 0 0 1 1 0
1416241307 226 16 82 82 40 45 0 0 14 0 8 0 0 1 1 0
1416266776 226 17 82 82 40 45 0 0 14 0 8 0 0 1 1 0
1416300149 226 18 82 82 40 45 0 0 14 0 8 0 0 1 1 0
1416300920 226 19 82 82 40 45 0 0 14 0 8 0 0 1 1 0
1416301294 226 20 82 82 40 45 0 0 14 0 8 0 0 1 1 0
1416301582 226 21 82 82 40 45 0 0 14 0 8 0 0 1 1 0
1416302411 226 22 82 82 40 45 0 0 14 0 8 0 0 1 1 0
1416302663 226 23 82 82 40 45 0 0 14 0 8 0 0 1 1 0
1416303091 226 24 82 82 40 45 0 0 14 0 8 0 0 1 1 0
1416324151 227 24 82 82 40 45 0 0 14 0 8 0 0 1 1 0
1416324162 228 24 82 82 40 45 0 0 14 0 8 0 0 1 1 0
1416349509 228 25 82 82 40 45 0 0 14 0 8 0 0 1 1 0
1416385940 228 26 82 82 40 45 0 0 14 0 8 0 0 1 1 0
1416386479 228 27 82 82 40 45 0 0 14 0 8 0 0 1 1 0
1416387498 228 28 82 82 40 45 0 0 14 0 8 0 0 1 1 0
1416390405 228 29 82 82 40 45 0 0 14 0 8 0 0 1 1 0
1416391682 229 29 82 82 40 45 0 0 14 0 8 0 0 1 1 0
1416393380 229 30 82 82 40 45 0 0 14 0 8 0 0 1 1 0
1416393546 229 31 82 82 40 45 0 0 14 0 8 0 0 1 1 0
1416393809 229 32 82 82 40 45 0 0 14 0 8 0 0 1 1 0
1416393927 229 33 82 82 40 45 0 0 14 0 8 0 0 1 1 0
1416399713 229 33 82 82 41 45 0 0 14 0 8 0 0 1 1 0
1416399745 229 33 82 82 42 45 0 0 14 0 8 0 0 1 1 0
1416408352 229 34 82 82 42 45 0 0 14 0 8 0 0 1 1 0
1416408923 229 35 82 82 42 45 0 0 14 0 8 0 0 1 1 0
1416410826 229 36 82 82 42 45 0 0 14 0 8 0 0 1 1 0
1416410835 229 37 82 82 42 45 0 0 14 0 8 0 0 1 1 0
1416436598 229 37 82 82 43 45 0 0 14 0 8 0 0 1 1 0
1416487495 230 37 82 82 43 45 0 0 14 0 8 0 0 1 1 0
1416487507 231 37 82 82 43 45 0 0 14 0 8 0 0 1 1 0
1416498859 232 37 82 82 43 45 0 0 14 0 8 0 0 1 1 0
1416499619 232 37 82 82 44 45 0 0 14 0 8 0 0 1 1 0
1416499641 232 37 82 82 45 45 0 0 14 0 8 0 0 1 1 0
1416500340 233 37 82 82 45 45 0 0 14 0 8 0 0 1 1 0
1416500351 234 37 82 82 45 45 0 0 14 0 8 0 0 1 1 0
1416506075 235 37 82 82 45 45 0 0 14 0 8 0 0 1 1 0
1416507287 236 37 82 82 45 45 0 0 14 0 8 0 0 1 1 0
1416518923 236 37 82 82 46 45 0 0 14 0 8 0 0 1 1 0
1416524390 237 37 82 82 46 45 0 0 14 0 8 0 0 1 1 0
1416524403 238 37 82 82 46 45 0 0 14 0 8 0 0 1 1 0
1416560189 239 37 82 82 46 45 0 0 14 0 8 0 0 1 1 0
1416562313 240 37 82 82 46 45 0 0 14 0 8 0 0 1 1 0
1416563371 240 38 82 82 46 45 0 0 14 0 8 0 0 1 1 0
1416563378 240 39 82 82 46 45 0 0 14 0 8 0 0 1 1 0
1416563914 240 40 82 82 46 45 0 0 14 0 8 0 0 1 1 0
1416564226 240 41 82 82 46 45 0 0 14 0 8 0 0 1 1 0
1416565555 240 42 82 82 46 45 0 0 14 0 8 0 0 1 1 0
1416565608 240 43 82 82 46 45 0 0 14 0 8 0 0 1 1 0
1416567438 240 44 82 82 46 45 0 0 14 0 8 0 0 1 1 0
1416567690 240 45 82 82 46 45 0 0 14 0 8 0 0 1 1 0
1416568066 240 46 82 82 46 45 0 0 14 0 8 0 0 1 1 0
1416568212 240 47 82 82 46 45 0 0 14 0 8 0 0 1 1 0
1416568266 240 48 82 82 46 45 0 0 14 0 8 0 0 1 1 0
1416569458 241 48 82 82 46 45 0 0 14 0 8 0 0 1 1 0
1416569469 242 48 82 82 46 45 0 0 14 0 8 0 0 1 1 0
1416571660 243 48 82 82 46 45 0 0 14 0 8 0 0 1 1 0
1416573265 243 49 82 82 46 45 0 0 14 0 8 0 0 1 1 0
1416573277 243 50 82 82 46 45 0 0 14 0 8 0 0 1 1 0
1416573359 244 50 82 82 46 45 0 0 14 0 8 0 0 1 1 0
1416573379 245 50 82 82 46 45 0 0 14 0 8 0 0 1 1 0
1416578271 245 51 82 82 46 45 0 0 14 0 8 0 0 1 1 0
1416578278 245 52 82 82 46 45 0 0 14 0 8 0 0 1 1 0
1416578298 245 53 82 82 46 45 0 0 14 0 8 0 0 1 1 0
1416609763 245 53 82 82 47 45 0 0 14 0 8 0 0 1 1 0
1416782201 246 53 82 82 47 45 0 0 14 0 8 0 0 1 1 0
1416782215 247 53 82 82 47 45 0 0 14 0 8 0 0 1 1 0
1416840788 247 53 82 82 48 45 0 0 14 0 8 0 0 1 1 0
1416847073 247 54 82 82 48 45 0 0 14 0 8 0 0 1 1 0
1416847198 247 55 82 82 48 45 0 0 14 0 8 0 0 1 1 0
1416857374 247 55 82 82 49 45 0 0 14 0 8 0 0 1 1 0
1416931101 247 56 82 82 49 45 0 0 14 0 8 0 0 1 1 0
1416931106 247 57 82 82 49 45 0 0 14 0 8 0 0 1 1 0
1416933443 247 58 82 82 49 45 0 0 14 0 8 0 0 1 1 0
1416933564 247 59 82 82 49 45 0 0 14 0 8 0 0 1 1 0
1416934959 247 60 82 82 49 45 0 0 14 0 8 0 0 1 1 0
1416936303 247 61 82 82 49 45 0 0 14 0 8 0 0 1 1 0
1417003837 247 62 82 82 49 45 0 0 14 0 8 0 0 1 1 0
1417004402 247 63 82 82 49 45 0 0 14 0 8 0 0 1 1 0
1417005002 247 64 82 82 49 45 0 0 14 0 8 0 0 1 1 0
1417005969 247 65 82 82 49 45 0 0 14 0 8 0 0 1 1 0
1417006137 247 66 82 82 49 45 0 0 14 0 8 0 0 1 1 0
1417006510 247 67 82 82 49 45 0 0 14 0 8 0 0 1 1 0
1417006939 247 68 82 82 49 45 0 0 14 0 8 0 0 1 1 0
1417007434 247 69 82 82 49 45 0 0 14 0 8 0 0 1 1 0
1417007928 247 70 82 82 49 45 0 0 14 0 8 0 0 1 1 0
1417013839 247 71 82 82 49 45 0 0 14 0 8 0 0 1 1 0
1417014698 247 72 82 82 49 45 0 0 14 0 8 0 0 1 1 0
1417091667 247 73 82 82 49 45 0 0 14 0 8 0 0 1 1 0
1417100609 247 74 82 82 49 45 0 0 14 0 8 0 0 1 1 0
1417100918 247 75 82 82 49 45 0 0 14 0 8 0 0 1 1 0
1417182550 247 76 82 82 49 45 0 0 14 0 8 0 0 1 1 0
1417183914 247 77 82 82 49 45 0 0 14 0 8 0 0 1 1 0
1417382251 248 77 82 82 49 45 0 0 14 0 8 0 0 1 1 0
1417382258 249 77 82 82 49 45 0 0 14 0 8 0 0 1 1 0
1417521390 250 77 82 82 49 45 0 0 14 0 8 0 0 1 1 0
1417522420 251 77 82 82 49 45 0 0 14 0 8 0 0 1 1 0
1417529447 252 77 82 82 49 45 0 0 14 0 8 0 0 1 1 0
1417533119 253 77 82 82 49 45 0 0 14 0 8 0 0 1 1 0
1417599038 254 77 82 82 49 45 0 0 14 0 8 0 0 1 1 0
1417602536 255 77 82 82 49 45 0 0 14 0 8 0 0 1 1 0
1417602911 256 77 82 82 49 45 0 0 14 0 8 0 0 1 1 0
1417603158 257 77 82 82 49 45 0 0 14 0 8 0 0 1 1 0
1417603316 258 77 82 82 49 45 0 0 14 0 8 0 0 1 1 0
1417684852 259 77 82 82 49 45 0 0 14 0 8 0 0 1 1 0
1417684882 260 77 82 82 49 45 0 0 14 0 8 0 0 1 1 0
1417686729 261 77 82 82 49 45 0 0 14 0 8 0 0 1 1 0
1417688957 262 77 82 82 49 45 0 0 14 0 8 0 0 1 1 0
1417691441 263 77 82 82 49 45 0 0 14 0 8 0 0 1 1 0
1417692761 264 77 82 82 49 45 0 0 14 0 8 0 0 1 1 0
1417693167 265 77 82 82 49 45 0 0 14 0 8 0 0 1 1 0
1417695609 266 77 82 82 49 45 0 0 14 0 8 0 0 1 1 0
1417787078 267 77 82 82 49 45 0 0 14 0 8 0 0 1 1 0
1417792164 268 77 82 82 49 45 0 0 14 0 8 0 0 1 1 0
1417792676 269 77 82 82 49 45 0 0 14 0 8 0 0 1 1 0
1417794659 270 77 82 82 49 45 0 0 14 0 8 0 0 1 1 0
1417797357 271 77 82 82 49 45 0 0 14 0 8 0 0 1 1 0
1417798186 272 77 82 82 49 45 0 0 14 0 8 0 0 1 1 0
1417799046 273 77 82 82 49 45 0 0 14 0 8 0 0 1 1 0
1417800148 274 77 82 82 49 45 0 0 14 0 8 0 0 1 1 0
1417800228 275 77 82 82 49 45 0 0 14 0 8 0 0 1 1 0
1418115958 275 78 82 82 49 45 0 0 14 0 8 0 0 1 1 0
1418115965 275 79 82 82 49 45 0 0 14 0 8 0 0 1 1 0
1418128103 275 80 82 82 49 45 0 0 14 0 8 0 0 1 1 0
1418162751 275 80 82 82 49 45 1 0 14 0 8 0 0 1 1 0
1418162766 275 80 82 82 49 45 2 0 14 0 8 0 0 1 1 0
1418205727 275 80 82 82 49 45 3 0 14 0 8 0 0 1 1 0
1418207646 275 80 82 82 49 45 4 0 14 0 8 0 0 1 1 0
1418208667 275 80 82 82 49 45 5 0 14 0 8 0 0 1 1 0
1418221541 275 80 82 82 49 45 6 0 14 0 8 0 0 1 1 0
1418292461 275 80 82 82 49 45 7 0 14 0 8 0 0 1 1 0
1418296492 275 80 82 82 49 45 8 0 14 0 8 0 0 1 1 0
1418300139 275 80 82 82 49 45 9 0 14 0 8 0 0 1 1 0
1418377868 275 80 82 82 49 45 10 0 14 0 8 0 0 1 1 0
1418483723 275 80 82 82 49 45 11 0 14 0 8 0 0 1 1 0
1418483841 275 80 82 82 49 45 12 0 14 0 8 0 0 1 1 0
1418485943 275 80 82 82 49 45 13 0 14 0 8 0 0 1 1 0
1418487514 275 80 82 82 49 45 14 0 14 0 8 0 0 1 1 0
1418490471 275 80 82 82 49 45 15 0 14 0 8 0 0 1 1 0
1418578051 275 80 82 82 49 45 16 0 14 0 8 0 0 1 1 0
1418597052 275 80 82 82 49 45 17 0 14 0 8 0 0 1 1 0
1418838371 275 80 82 82 49 45 18 0 14 0 8 0 0 1 1 0
1418844592 275 80 82 82 49 45 19 0 14 0 8 0 0 1 1 0
1418844650 275 80 82 82 49 45 20 0 14 0 8 0 0 1 1 0
1418857198 275 80 82 82 49 45 21 0 14 0 8 0 0 1 1 0
1418857217 275 80 82 82 49 45 22 0 14 0 8 0 0 1 1 0
1418857684 275 80 82 82 49 45 23 0 14 0 8 0 0 1 1 0
1418907286 275 80 82 82 50 45 23 0 14 0 8 0 0 1 1 0
1421339381 275 80 82 82 50 45 23 0 14 0 8 0 0 2 1 0
1421678735 275 81 82 82 50 45 23 0 14 0 8 0 0 2 1 0
1421678953 275 82 82 82 50 45 23 0 14 0 8 0 0 2 1 0
1421684496 276 82 82 82 50 45 23 0 14 0 8 0 0 2 1 0
1421684708 276 83 82 82 50 45 23 0 14 0 8 0 0 2 1 0
1421685894 277 83 82 82 50 45 23 0 14 0 8 0 0 2 1 0
1421685906 278 83 82 82 50 45 23 0 14 0 8 0 0 2 1 0
1421690182 279 83 82 82 50 45 23 0 14 0 8 0 0 2 1 0
1421692406 280 83 82 82 50 45 23 0 14 0 8 0 0 2 1 0
1421703268 281 83 82 82 50 45 23 0 14 0 8 0 0 2 1 0
1421705055 282 83 82 82 50 45 23 0 14 0 8 0 0 2 1 0
1421707632 283 83 82 82 50 45 23 0 14 0 8 0 0 2 1 0
1421744245 284 83 82 82 50 45 23 0 14 0 8 0 0 2 1 0
1421747361 284 84 82 82 50 45 23 0 14 0 8 0 0 2 1 0
1421835681 284 85 82 82 50 45 23 0 14 0 8 0 0 2 1 0
1422019265 284 86 82 82 50 45 23 0 14 0 8 0 0 2 1 0
1422026943 285 86 82 82 50 45 23 0 14 0 8 0 0 2 1 0
1422026963 286 86 82 82 50 45 23 0 14 0 8 0 0 2 1 0
1422030966 287 86 82 82 50 45 23 0 14 0 8 0 0 2 1 0
1422179083 287 86 82 82 51 45 23 0 14 0 8 0 0 2 1 0
1422182793 287 86 82 82 51 45 23 1 14 0 8 0 0 2 1 0
1422193142 287 86 82 82 52 45 23 1 14 0 8 0 0 2 1 0
1422194271 287 86 82 82 53 45 23 1 14 0 8 0 0 2 1 0
1422194678 287 86 82 82 54 45 23 1 14 0 8 0 0 2 1 0
1422276199 287 86 82 82 54 45 23 2 14 0 8 0 0 2 1 0
1422276913 287 86 82 82 54 45 23 3 14 0 8 0 0 2 1 0
1422284355 287 87 82 82 54 45 23 3 14 0 8 0 0 2 1 0
1422292566 287 87 82 82 54 45 23 4 14 0 8 0 0 2 1 0
1422292676 287 87 82 82 54 45 23 5 14 0 8 0 0 2 1 0
1422313541 287 88 82 82 54 45 23 5 14 0 8 0 0 2 1 0
1422443450 287 89 82 82 54 45 23 5 14 0 8 0 0 2 1 0
1422444246 287 90 82 82 54 45 23 5 14 0 8 0 0 2 1 0
1422444367 287 91 82 82 54 45 23 5 14 0 8 0 0 2 1 0
1422478431 287 91 82 82 54 45 23 6 14 0 8 0 0 2 1 0
1422523982 287 91 82 82 54 45 23 6 14 0 8 0 1 2 1 0
1422524120 287 91 82 82 54 45 23 6 14 0 8 0 2 2 1 0
1422532383 287 91 82 82 54 45 23 6 14 0 8 0 3 2 1 0
1422539196 287 92 82 82 54 45 23 6 14 0 8 0 3 2 1 0
1422544333 287 93 82 82 54 45 23 6 14 0 8 0 3 2 1 0
1422553101 287 94 82 82 54 45 23 6 14 0 8 0 3 2 1 0
1422553959 287 95 82 82 54 45 23 6 14 0 8 0 3 2 1 0
1422558721 287 95 82 82 54 45 23 7 14 0 8 0 3 2 1 0
1422558754 287 95 82 82 54 45 23 8 14 0 8 0 3 2 1 0
1422660431 288 95 82 82 54 45 23 8 14 0 8 0 3 2 1 0
1422660445 289 95 82 82 54 45 23 8 14 0 8 0 3 2 1 0
1422721454 289 95 82 82 54 45 23 9 14 0 8 0 3 2 1 0
1422738995 289 95 82 82 54 45 23 10 14 0 8 0 3 2 1 0
1422789491 289 95 82 82 54 45 23 11 14 0 8 0 3 2 1 0
1422868219 289 95 82 82 54 45 23 12 14 0 8 0 3 2 1 0
1422873497 289 95 82 82 54 45 23 13 14 0 8 0 3 2 1 0
1423068410 290 95 82 82 54 45 23 13 14 0 8 0 3 2 1 0
1423068421 291 95 82 82 54 45 23 13 14 0 8 0 3 2 1 0
1423071711 292 95 82 82 54 45 23 13 14 0 8 0 3 2 1 0
1423144152 293 95 82 82 54 45 23 13 14 0 8 0 3 2 1 0
1423154876 293 96 82 82 54 45 23 13 14 0 8 0 3 2 1 0
1423154893 293 97 82 82 54 45 23 13 14 0 8 0 3 2 1 0
1423158187 293 98 82 82 54 45 23 13 14 0 8 0 3 2 1 0
1423177895 294 98 82 82 54 45 23 13 14 0 8 0 3 2 1 0
1423177907 295 98 82 82 54 45 23 13 14 0 8 0 3 2 1 0
1423223816 296 98 82 82 54 45 23 13 14 0 8 0 3 2 1 0
1423235200 297 98 82 82 54 45 23 13 14 0 8 0 3 2 1 0
1423254922 298 98 82 82 54 45 23 13 14 0 8 0 3 2 1 0
1423255346 299 98 82 82 54 45 23 13 14 0 8 0 3 2 1 0
1423256245 300 98 82 82 54 45 23 13 14 0 8 0 3 2 1 0
1423318064 301 98 82 82 54 45 23 13 14 0 8 0 3 2 1 0
1423321558 302 98 82 82 54 45 23 13 14 0 8 0 3 2 1 0
1423323096 303 98 82 82 54 45 23 13 14 0 8 0 3 2 1 0
1423329921 304 98 82 82 54 45 23 13 14 0 8 0 3 2 1 0
1423400924 305 98 82 82 54 45 23 13 14 0 8 0 3 2 1 0
1423412312 306 98 82 82 54 45 23 13 14 0 8 0 3 2 1 0
1423415992 307 98 82 82 54 45 23 13 14 0 8 0 3 2 1 0
1423438856 308 98 82 82 54 45 23 13 14 0 8 0 3 2 1 0
1423439242 309 98 82 82 54 45 23 13 14 0 8 0 3 2 1 0
1423486344 310 98 82 82 54 45 23 13 14 0 8 0 3 2 1 0
1423502019 311 98 82 82 54 45 23 13 14 0 8 0 3 2 1 0
1423505130 311 99 82 82 54 45 23 13 14 0 8 0 3 2 1 0
1423505139 311 100 82 82 54 45 23 13 14 0 8 0 3 2 1 0
1423516001 312 100 82 82 54 45 23 13 14 0 8 0 3 2 1 0
1423516012 313 100 82 82 54 45 23 13 14 0 8 0 3 2 1 0
1423526216 314 100 82 82 54 45 23 13 14 0 8 0 3 2 1 0
1423574902 314 101 82 82 54 45 23 13 14 0 8 0 3 2 1 0
1423585734 315 101 82 82 54 45 23 13 14 0 8 0 3 2 1 0
1423585745 316 101 82 82 54 45 23 13 14 0 8 0 3 2 1 0
1423588329 317 101 82 82 54 45 23 13 14 0 8 0 3 2 1 0
1423597003 318 101 82 82 54 45 23 13 14 0 8 0 3 2 1 0
1423599508 319 101 82 82 54 45 23 13 14 0 8 0 3 2 1 0
1423647208 319 102 82 82 54 45 23 13 14 0 8 0 3 2 1 0
1423648327 319 103 82 82 54 45 23 13 14 0 8 0 3 2 1 0
1423648918 319 104 82 82 54 45 23 13 14 0 8 0 3 2 1 0
1423659414 319 105 82 82 54 45 23 13 14 0 8 0 3 2 1 0
1423659823 319 106 82 82 54 45 23 13 14 0 8 0 3 2 1 0
1423692697 319 106 82 82 54 45 23 14 14 0 8 0 3 2 1 0
1423748714 319 107 82 82 54 45 23 14 14 0 8 0 3 2 1 0
1423756803 319 108 82 82 54 45 23 14 14 0 8 0 3 2 1 0
1423759133 319 109 82 82 54 45 23 14 14 0 8 0 3 2 1 0
1423760762 319 110 82 82 54 45 23 14 14 0 8 0 3 2 1 0
1423761547 319 111 82 82 54 45 23 14 14 0 8 0 3 2 1 0
1423763706 319 112 82 82 54 45 23 14 14 0 8 0 3 2 1 0
1423781718 320 112 82 82 54 45 23 14 14 0 8 0 3 2 1 0
1423781730 321 112 82 82 54 45 23 14 14 0 8 0 3 2 1 0
1423781791 322 112 82 82 54 45 23 14 14 0 8 0 3 2 1 0
1423819540 323 112 82 82 54 45 23 14 14 0 8 0 3 2 1 0
1423828721 323 113 82 82 54 45 23 14 14 0 8 0 3 2 1 0
1423831233 323 114 82 82 54 45 23 14 14 0 8 0 3 2 1 0
1423831708 323 115 82 82 54 45 23 14 14 0 8 0 3 2 1 0
1423838348 323 115 82 82 54 45 23 15 14 0 8 0 3 2 1 0
1423838975 323 115 82 82 54 45 23 16 14 0 8 0 3 2 1 0
1423919285 324 115 82 82 54 45 23 16 14 0 8 0 3 2 1 0
1423919295 325 115 82 82 54 45 23 16 14 0 8 0 3 2 1 0
1424371526 326 115 82 82 54 45 23 16 14 0 8 0 3 2 1 0
1424372335 327 115 82 82 54 45 23 16 14 0 8 0 3 2 1 0
1424449866 328 115 82 82 54 45 23 16 14 0 8 0 3 2 1 0
1424450124 329 115 82 82 54 45 23 16 14 0 8 0 3 2 1 0
1424468911 330 115 82 82 54 45 23 16 14 0 8 0 3 2 1 0
1424614847 331 115 82 82 54 45 23 16 14 0 8 0 3 2 1 0
1424653557 332 115 82 82 54 45 23 16 14 0 8 0 3 2 1 0
1424653677 333 115 82 82 54 45 23 16 14 0 8 0 3 2 1 0
1424653695 334 115 82 82 54 45 23 16 14 0 8 0 3 2 1 0
1424706589 335 115 82 82 54 45 23 16 14 0 8 0 3 2 1 0
1424737927 336 115 82 82 54 45 23 16 14 0 8 0 3 2 1 0
1424784928 337 115 82 82 54 45 23 16 14 0 8 0 3 2 1 0
1424788027 338 115 82 82 54 45 23 16 14 0 8 0 3 2 1 0
1424809744 339 115 82 82 54 45 23 16 14 0 8 0 3 2 1 0
1424826595 340 115 82 82 54 45 23 16 14 0 8 0 3 2 1 0
1424858092 341 115 82 82 54 45 23 16 14 0 8 0 3 2 1 0
1425331242 341 116 82 82 54 45 23 16 14 0 8 0 3 2 1 0
1425331725 341 117 82 82 54 45 23 16 14 0 8 0 3 2 1 0
1426162098 341 117 82 82 54 45 23 17 14 0 8 0 3 2 1 0
1426166176 341 117 82 82 54 45 23 18 14 0 8 0 3 2 1 0
1426931876 342 117 82 82 54 45 23 18 14 0 8 0 3 2 1 0
1426931897 343 117 82 82 54 45 23 18 14 0 8 0 3 2 1 0
1426931930 344 117 82 82 54 45 23 18 14 0 8 0 3 2 1 0
1426933376 345 117 82 82 54 45 23 18 14 0 8 0 3 2 1 0
1426933406 346 117 82 82 54 45 23 18 14 0 8 0 3 2 1 0
1427022399 346 117 82 82 54 45 23 18 14 1 8 0 3 2 1 0
1427022428 346 117 82 82 54 45 23 18 14 2 8 0 3 2 1 0
1427023969 346 117 82 82 54 45 23 18 14 3 8 0 3 2 1 0
1427029216 346 117 82 82 54 45 23 18 14 4 8 0 3 2 1 0
1427032175 346 117 82 82 54 45 23 18 14 5 8 0 3 2 1 0
1427066286 346 117 82 82 54 45 23 18 14 6 8 0 3 2 1 0
1427147537 347 117 82 82 54 45 23 18 14 6 8 0 3 2 1 0
1427148059 348 117 82 82 54 45 23 18 14 6 8 0 3 2 1 0
1427148072 349 117 82 82 54 45 23 18 14 6 8 0 3 2 1 0
1428095262 349 117 82 82 54 45 23 18 14 7 8 0 3 2 1 0
1428096708 349 117 82 82 54 45 23 18 14 8 8 0 3 2 1 0
1428096940 349 117 82 82 54 45 23 18 14 9 8 0 3 2 1 0
1428441650 350 117 82 82 54 45 23 18 14 9 8 0 3 2 1 0
1428441661 351 117 82 82 54 45 23 18 14 9 8 0 3 2 1 0
1428583041 351 117 82 82 54 45 23 18 14 10 8 0 3 2 1 0
1429482991 352 117 82 82 54 45 23 18 14 10 8 0 3 2 1 0
1431866682 352 117 83 82 54 45 23 18 14 10 8 0 3 2 1 0
1433344802 352 117 83 82 54 45 23 18 14 11 8 0 3 2 1 0
1433455393 353 117 83 82 54 45 23 18 14 11 8 0 3 2 1 0
1433455441 354 117 83 82 54 45 23 18 14 11 8 0 3 2 1 0
1433455469 355 117 83 82 54 45 23 18 14 11 8 0 3 2 1 0
1462293013 356 117 83 82 54 45 23 18 14 11 8 0 3 2 1 0
1462309282 357 117 83 82 54 45 23 18 14 11 8 0 3 2 1 0
1462309423 358 117 83 82 54 45 23 18 14 11 8 0 3 2 1 0
1462383059 359 117 83 82 54 45 23 18 14 11 8 0 3 2 1 0
1462661358 360 117 83 82 54 45 23 18 14 11 8 0 3 2 1 0
1462663950 361 117 83 82 54 45 23 18 14 11 8 0 3 2 1 0
1462711738 362 117 83 82 54 45 23 18 14 11 8 0 3 2 1 0
1462726965 363 117 83 82 54 45 23 18 14 11 8 0 3 2 1 0
1462798852 364 117 83 82 54 45 23 18 14 11 8 0 3 2 1 0
1462826101 365 117 83 82 54 45 23 18 14 11 8 0 3 2 1 0
1462890058 366 117 83 82 54 45 23 18 14 11 8 0 3 2 1 0
1463045449 367 117 83 82 54 45 23 18 14 11 8 0 3 2 1 0
1463072154 368 117 83 82 54 45 23 18 14 11 8 0 3 2 1 0
1463091753 369 117 83 82 54 45 23 18 14 11 8 0 3 2 1 0
1463095808 370 117 83 82 54 45 23 18 14 11 8 0 3 2 1 0
1463146607 371 117 83 82 54 45 23 18 14 11 8 0 3 2 1 0
1463410313 372 117 83 82 54 45 23 18 14 11 8 0 3 2 1 0
1463440278 373 117 83 82 54 45 23 18 14 11 8 0 3 2 1 0
1463504046 374 117 83 82 54 45 23 18 14 11 8 0 3 2 1 0
1463585143 375 117 83 82 54 45 23 18 14 11 8 0 3 2 1 0
1465233453 376 117 83 82 54 45 23 18 14 11 8 0 3 2 1 0
1465308221 377 117 83 82 54 45 23 18 14 11 8 0 3 2 1 0
1465308543 378 117 83 82 54 45 23 18 14 11 8 0 3 2 1 0
1465311926 379 117 83 82 54 45 23 18 14 11 8 0 3 2 1 0
1465313128 380 117 83 82 54 45 23 18 14 11 8 0 3 2 1 0
1465388828 381 117 83 82 54 45 23 18 14 11 8 0 3 2 1 0
1465390409 382 117 83 82 54 45 23 18 14 11 8 0 3 2 1 0
1465577562 383 117 83 82 54 45 23 18 14 11 8 0 3 2 1 0
1473771990 384 117 83 82 54 45 23 18 14 11 8 0 3 2 1 0
1473774012 385 117 83 82 54 45 23 18 14 11 8 0 3 2 1 0
1473779831 386 117 83 82 54 45 23 18 14 11 8 0 3 2 1 0
1473784098 387 117 83 82 54 45 23 18 14 11 8 0 3 2 1 0
1473860546 388 117 83 82 54 45 23 18 14 11 8 0 3 2 1 0
1473862385 389 117 83 82 54 45 23 18 14 11 8 0 3 2 1 0
1473865787 390 117 83 82 54 45 23 18 14 11 8 0 3 2 1 0
1473866922 391 117 83 82 54 45 23 18 14 11 8 0 3 2 1 0
1473868552 392 117 83 82 54 45 23 18 14 11 8 0 3 2 1 0
1473927872 393 117 83 82 54 45 23 18 14 11 8 0 3 2 1 0
1474028510 394 117 83 82 54 45 23 18 14 11 8 0 3 2 1 0
1474031659 395 117 83 82 54 45 23 18 14 11 8 0 3 2 1 0
1474043963 395 117 84 82 54 45 23 18 14 11 8 0 3 2 1 0
1474278610 396 117 84 82 54 45 23 18 14 11 8 0 3 2 1 0
1474278625 397 117 84 82 54 45 23 18 14 11 8 0 3 2 1 0
1474281468 398 117 84 82 54 45 23 18 14 11 8 0 3 2 1 0
1474281748 399 117 84 82 54 45 23 18 14 11 8 0 3 2 1 0
1474283592 400 117 84 82 54 45 23 18 14 11 8 0 3 2 1 0
1474319901 401 117 84 82 54 45 23 18 14 11 8 0 3 2 1 0
1474367046 402 117 84 82 54 45 23 18 14 11 8 0 3 2 1 0
1474376097 403 117 84 82 54 45 23 18 14 11 8 0 3 2 1 0
1474472181 404 117 84 82 54 45 23 18 14 11 8 0 3 2 1 0
1474473182 405 117 84 82 54 45 23 18 14 11 8 0 3 2 1 0
1474560827 406 117 84 82 54 45 23 18 14 11 8 0 3 2 1 0
1474562495 407 117 84 82 54 45 23 18 14 11 8 0 3 2 1 0
1474574359 408 117 84 82 54 45 23 18 14 11 8 0 3 2 1 0
1474574472 409 117 84 82 54 45 23 18 14 11 8 0 3 2 1 0
1474908524 410 117 84 82 54 45 23 18 14 11 8 0 3 2 1 0
1475066909 411 117 84 82 54 45 23 18 14 11 8 0 3 2 1 0
1475077718 412 117 84 82 54 45 23 18 14 11 8 0 3 2 1 0
1475220199 413 117 84 82 54 45 23 18 14 11 8 0 3 2 1 0
1475365415 414 117 84 82 54 45 23 18 14 11 8 0 3 2 1 0
1475365569 415 117 84 82 54 45 23 18 14 11 8 0 3 2 1 0
1475366291 416 117 84 82 54 45 23 18 14 11 8 0 3 2 1 0
1475367449 417 117 84 82 54 45 23 18 14 11 8 0 3 2 1 0
1475367783 418 117 84 82 54 45 23 18 14 11 8 0 3 2 1 0
1475368076 419 117 84 82 54 45 23 18 14 11 8 0 3 2 1 0
1475503066 420 117 84 82 54 45 23 18 14 11 8 0 3 2 1 0
1478431774 421 117 84 82 54 45 23 18 14 11 8 0 3 2 1 0
1479006874 421 117 85 82 54 45 23 18 14 11 8 0 3 2 1 0
1479112365 421 117 85 83 54 45 23 18 14 11 8 0 3 2 1 0
1479130514 422 117 85 83 54 45 23 18 14 11 8 0 3 2 1 0
1479227760 423 117 85 83 54 45 23 18 14 11 8 0 3 2 1 0
1479230951 424 117 85 83 54 45 23 18 14 11 8 0 3 2 1 0
1481205019 425 117 85 83 54 45 23 18 14 11 8 0 3 2 1 0
1481205493 426 117 85 83 54 45 23 18 14 11 8 0 3 2 1 0
1481212070 427 117 85 83 54 45 23 18 14 11 8 0 3 2 1 0
1481217732 428 117 85 83 54 45 23 18 14 11 8 0 3 2 1 0
1481240383 429 117 85 83 54 45 23 18 14 11 8 0 3 2 1 0
1481293397 430 117 85 83 54 45 23 18 14 11 8 0 3 2 1 0
1481293556 431 117 85 83 54 45 23 18 14 11 8 0 3 2 1 0
1481293943 432 117 85 83 54 45 23 18 14 11 8 0 3 2 1 0
1481294042 433 117 85 83 54 45 23 18 14 11 8 0 3 2 1 0
1481294998 434 117 85 83 54 45 23 18 14 11 8 0 3 2 1 0
1481295093 435 117 85 83 54 45 23 18 14 11 8 0 3 2 1 0
1481295276 436 117 85 83 54 45 23 18 14 11 8 0 3 2 1 0
1481295384 437 117 85 83 54 45 23 18 14 11 8 0 3 2 1 0
1481295526 438 117 85 83 54 45 23 18 14 11 8 0 3 2 1 0
1481301212 439 117 85 83 54 45 23 18 14 11 8 0 3 2 1 0
1481381295 440 117 85 83 54 45 23 18 14 11 8 0 3 2 1 0
1481413775 441 117 85 83 54 45 23 18 14 11 8 0 3 2 1 0
1481797967 442 117 85 83 54 45 23 18 14 11 8 0 3 2 1 0
1481799149 443 117 85 83 54 45 23 18 14 11 8 0 3 2 1 0
1481800335 444 117 85 83 54 45 23 18 14 11 8 0 3 2 1 0
1481802734 445 117 85 83 54 45 23 18 14 11 8 0 3 2 1 0
1481804572 446 117 85 83 54 45 23 18 14 11 8 0 3 2 1 0
1481805513 447 117 85 83 54 45 23 18 14 11 8 0 3 2 1 0
1481806323 448 117 85 83 54 45 23 18 14 11 8 0 3 2 1 0
1481806597 449 117 85 83 54 45 23 18 14 11 8 0 3 2 1 0
1481810329 450 117 85 83 54 45 23 18 14 11 8 0 3 2 1 0
1481819330 451 117 85 83 54 45 23 18 14 11 8 0 3 2 1 0
1481820014 452 117 85 83 54 45 23 18 14 11 8 0 3 2 1 0
1481823484 453 117 85 83 54 45 23 18 14 11 8 0 3 2 1 0
1481901328 454 117 85 83 54 45 23 18 14 11 8 0 3 2 1 0
1482415347 455 117 85 83 54 45 23 18 14 11 8 0 3 2 1 0
1482417097 456 117 85 83 54 45 23 18 14 11 8 0 3 2 1 0
1482434415 457 117 85 83 54 45 23 18 14 11 8 0 3 2 1 0
1482435109 458 117 85 83 54 45 23 18 14 11 8 0 3 2 1 0
1483551670 458 117 85 83 54 45 23 18 14 11 8 1 3 2 1 0
1483551840 458 117 85 83 54 45 23 18 14 11 8 2 3 2 1 0
1483551949 458 117 85 83 54 45 23 18 14 11 8 3 3 2 1 0
1483552865 459 117 85 83 54 45 23 18 14 11 8 3 3 2 1 0
1483554063 460 117 85 83 54 45 23 18 14 11 8 3 3 2 1 0
1483636145 461 117 85 83 54 45 23 18 14 11 8 3 3 2 1 0
1483657015 462 117 85 83 54 45 23 18 14 11 8 3 3 2 1 0
1483657217 463 117 85 83 54 45 23 18 14 11 8 3 3 2 1 0
1485185013 463 117 85 83 54 45 23 18 14 11 8 3 3 2 1 1
1485187275 464 117 85 83 54 45 23 18 14 11 8 3 3 2 1 1
1489417061 465 117 85 83 54 45 23 18 14 11 8 3 3 2 1 1
1489417096 466 117 85 83 54 45 23 18 14 11 8 3 3 2 1 1
1489511821 467 117 85 83 54 45 23 18 14 11 8 3 3 2 1 1
1489566751 468 117 85 83 54 45 23 18 14 11 8 3 3 2 1 1
1489569083 469 117 85 83 54 45 23 18 14 11 8 3 3 2 1 1
1489569557 470 117 85 83 54 45 23 18 14 11 8 3 3 2 1 1
1489570715 471 117 85 83 54 45 23 18 14 11 8 3 3 2 1 1
1489571360 472 117 85 83 54 45 23 18 14 11 8 3 3 2 1 1
1489588499 473 117 85 83 54 45 23 18 14 11 8 3 3 2 1 1
1489590746 474 117 85 83 54 45 23 18 14 11 8 3 3 2 1 1
1489591891 475 117 85 83 54 45 23 18 14 11 8 3 3 2 1 1
1489764519 476 117 85 83 54 45 23 18 14 11 8 3 3 2 1 1
1490118863 477 117 85 83 54 45 23 18 14 11 8 3 3 2 1 1
1490129101 478 117 85 83 54 45 23 18 14 11 8 3 3 2 1 1
1490129248 479 117 85 83 54 45 23 18 14 11 8 3 3 2 1 1
1490131418 480 117 85 83 54 45 23 18 14 11 8 3 3 2 1 1
1490175056 481 117 85 83 54 45 23 18 14 11 8 3 3 2 1 1
1490263162 482 117 85 83 54 45 23 18 14 11 8 3 3 2 1 1
1490458020 483 117 85 83 54 45 23 18 14 11 8 3 3 2 1 1
1490458204 484 117 85 83 54 45 23 18 14 11 8 3 3 2 1 1
1490463103 485 117 85 83 54 45 23 18 14 11 8 3 3 2 1 1
1490463248 486 117 85 83 54 45 23 18 14 11 8 3 3 2 1 1
1490463415 487 117 85 83 54 45 23 18 14 11 8 3 3 2 1 1
1490482559 488 117 85 83 54 45 23 18 14 11 8 3 3 2 1 1
1490603674 489 117 85 83 54 45 23 18 14 11 8 3 3 2 1 1
1490603835 490 117 85 83 54 45 23 18 14 11 8 3 3 2 1 1
1491224727 491 117 85 83 54 45 23 18 14 11 8 3 3 2 1 1
1491316796 492 117 85 83 54 45 23 18 14 11 8 3 3 2 1 1
1492510681 493 117 85 83 54 45 23 18 14 11 8 3 3 2 1 1
