1392854422 0 0 0 32962 0 0 0 0 0 0 0 0 0 0 0 0
1392854846 0 0 0 32978 0 0 0 0 0 0 0 0 0 0 0 0
1392895645 0 0 0 32978 0 0 0 0 0 0 0 0 0 0 0 0
1392899455 0 0 0 32995 0 0 0 0 0 0 0 0 0 0 0 0
1392899608 0 0 0 33000 0 0 0 0 0 0 0 0 0 0 0 0
1392900390 0 0 0 33009 0 0 0 0 0 0 0 0 0 0 0 0
1392900542 0 0 0 33010 0 0 0 0 0 0 0 0 0 0 0 0
1392900613 0 0 0 33011 0 0 0 0 0 0 0 0 0 0 0 0
1392911661 0 0 0 33015 0 0 0 0 0 0 0 0 0 0 0 0
1392920386 0 0 0 33042 0 0 0 0 0 0 0 0 0 0 0 0
1392922439 0 0 0 33043 0 0 0 0 0 0 0 0 0 0 0 0
1392928521 0 0 0 33049 0 0 0 0 0 0 0 0 0 0 0 0
1392928670 0 0 0 33051 0 0 0 0 0 0 0 0 0 0 0 0
1392930078 0 0 0 33055 0 0 0 0 0 0 0 0 0 0 0 0
1392942560 0 0 0 33060 0 0 0 0 0 0 0 0 0 0 0 0
1392944281 0 0 0 33086 0 0 0 0 0 0 0 0 0 0 0 0
1392986311 0 0 0 33118 0 0 0 0 0 0 0 0 0 0 0 0
1393029662 0 0 0 33607 0 0 0 0 0 0 0 0 0 0 0 0
1393099418 0 0 0 33720 0 0 0 0 0 0 0 0 0 0 0 0
1393110248 0 0 0 33840 0 0 0 0 0 0 0 0 0 0 0 0
1393177549 0 0 0 34235 0 0 0 0 0 0 0 0 0 0 0 0
1393284240 0 0 0 34425 0 0 0 0 0 0 0 0 0 0 0 0
1394277265 0 0 0 44076 0 0 0 0 0 0 0 0 0 0 0 0
1394410738 0 0 0 44280 0 0 0 0 0 0 0 0 0 0 0 0
1395354902 0 0 0 44352 0 0 0 0 0 0 0 0 0 0 0 0
1395362343 0 0 0 44356 0 0 0 0 0 0 0 0 0 0 0 0
1395418124 0 0 0 44432 0 0 0 0 0 0 0 0 0 0 0 0
1395420064 0 0 0 44454 0 0 0 0 0 0 0 0 0 0 0 0
1395421435 0 0 0 44457 0 0 0 0 0 0 0 0 0 0 0 0
1395428409 0 0 0 44457 0 1 0 0 0 0 0 0 0 0 0 0
1395431529 0 0 0 44461 0 1 0 0 0 0 0 0 0 0 0 0
1395440432 0 0 0 44468 0 1 0 0 0 0 0 0 0 0 0 0
1395831784 0 0 0 44468 0 7 0 0 0 0 0 0 0 0 0 0
1395935301 0 0 0 44814 0 7 0 0 0 0 0 0 0 0 0 0
1395935349 0 0 0 44814 0 7 0 0 0 0 0 0 0 0 0 0
1396088838 0 0 0 45385 0 7 0 0 0 0 0 0 0 0 0 0
1396092993 0 0 0 45391 0 7 0 0 0 0 0 0 0 0 0 0
1396103383 0 0 0 45396 0 7 0 0 0 0 0 0 0 0 0 0
1396191796 0 0 0 45437 0 7 0 0 0 0 0 0 0 0 0 0
1396205696 0 0 0 45471 0 7 0 0 0 0 0 0 0 0 0 0
1396206056 0 0 0 45495 0 7 0 0 0 0 0 0 0 0 0 0
1396257570 0 0 0 45622 0 7 0 0 0 0 0 0 0 0 0 0
1396304694 0 0 0 45638 0 7 0 0 0 0 0 0 0 0 0 0
1396372268 0 0 0 45713 0 7 0 0 0 0 0 0 0 0 0 0
1396419117 0 0 0 45727 0 7 0 0 0 0 0 0 0 0 0 0
1396449249 0 0 0 45749 0 7 0 0 0 0 0 0 0 0 0 0
1396481046 0 0 0 72084 0 7 0 0 0 0 0 0 0 0 0 0
1396560148 0 0 0 72112 0 7 0 0 0 0 0 0 0 0 0 0
1396608464 0 0 0 72247 0 7 0 0 0 0 0 0 0 0 0 0
1397169854 0 0 0 74799 0 7 0 0 0 0 0 0 0 0 0 0
1397597866 0 0 0 74978 0 7 0 0 0 0 0 0 0 0 0 0
1397726775 0 0 0 85486 0 7 0 0 0 0 0 0 0 0 0 0
1398116188 0 0 0 85965 0 7 0 0 0 0 0 0 0 0 0 0
1398245936 0 0 0 86094 0 7 0 0 0 0 0 0 0 0 0 0
1398268960 0 0 0 86662 0 7 0 0 0 0 0 0 0 0 0 0
1398284199 0 0 0 86783 0 7 0 0 0 0 0 0 0 0 0 0
1398285975 0 0 0 86807 0 7 0 0 0 0 0 0 0 0 0 0
1398293160 0 0 0 86952 0 7 0 0 0 0 0 0 0 0 0 0
1398356178 0 0 0 86986 0 7 0 0 0 0 0 0 0 0 0 0
1398368078 0 0 0 87001 0 7 0 0 0 0 0 0 0 0 0 0
1398370990 0 0 0 87026 0 7 0 0 0 0 0 0 0 0 0 0
1398373003 0 0 0 87032 0 7 0 0 0 0 0 0 0 0 0 0
1398441226 0 0 0 87032 0 7 0 0 39 0 0 0 0 0 0 0
1398442380 0 0 0 87032 0 7 0 0 108 0 0 0 0 0 0 0
1398443449 0 0 0 87032 0 7 0 0 137 0 0 0 0 0 0 0
1398471234 0 0 0 87032 0 7 0 0 138 0 0 0 0 0 0 0
1398473991 0 0 0 87032 0 7 0 0 171 0 0 0 0 0 0 0
1398474560 0 0 0 87032 0 7 0 0 171 0 0 0 0 0 0 0
1398478100 0 0 0 87032 0 7 0 0 172 0 0 0 0 0 0 0
1398478715 0 0 0 87032 0 7 0 0 188 0 0 0 0 0 0 0
1398480625 0 0 0 87032 0 7 0 0 189 0 0 0 0 0 0 0
1398481393 0 0 0 87032 0 7 0 0 189 0 0 0 0 0 0 0
1398504651 0 0 0 87032 0 7 0 0 194 0 0 0 0 0 0 0
1398513465 0 0 0 87032 0 7 0 0 205 0 0 0 0 0 0 0
1398514992 0 0 0 87032 0 7 0 0 215 0 0 0 0 0 0 0
1398528135 0 0 0 87032 0 7 0 0 262 0 0 0 0 0 0 0
1398695037 0 0 0 87183 0 7 0 0 262 0 0 0 0 0 0 0
1398726823 0 0 0 139502 0 7 0 0 262 0 0 0 0 0 0 0
1398767679 0 0 0 139700 0 7 0 0 262 0 0 0 0 0 0 0
1398769209 0 0 0 139717 0 7 0 0 262 0 0 0 0 0 0 0
1398779591 0 0 9 139717 0 7 0 0 262 0 0 0 0 0 0 0
1398785966 0 0 9 139779 0 7 0 0 262 0 0 0 0 0 0 0
1398785998 0 0 9 139779 0 7 0 0 262 0 0 0 0 0 0 0
1398786168 0 0 9 139781 0 7 0 0 262 0 0 0 0 0 0 0
1398786622 0 0 9 139784 0 7 0 0 262 0 0 0 0 0 0 0
1398787231 0 0 9 139792 0 7 0 0 262 0 0 0 0 0 0 0
1398788507 0 0 9 139794 0 7 0 0 262 0 0 0 0 0 0 0
1398789140 0 0 9 139808 0 7 0 0 262 0 0 0 0 0 0 0
1398792742 0 0 9 139808 0 7 0 0 262 0 0 0 0 0 0 0
1398792956 0 0 9 139808 0 7 0 0 262 0 0 0 0 0 0 0
1398793243 0 0 9 139808 0 7 0 0 262 0 0 0 0 0 0 0
1398794630 0 0 9 139808 0 7 0 0 262 0 2 0 0 0 0 0
1398807206 0 0 9 139808 0 7 0 0 262 0 2 0 0 0 0 0
1398808228 0 0 10 139808 0 7 0 0 262 0 2 0 0 0 0 0
1398808990 0 0 11 139808 0 7 0 0 262 0 2 0 0 0 0 0
1398872664 0 0 11 139810 0 7 0 0 262 0 2 0 0 0 0 0
1398872786 0 0 11 139810 0 7 0 0 262 0 2 0 0 0 0 0
1398874545 0 0 13 139810 0 7 0 0 262 0 2 0 0 0 0 0
1398887866 0 0 13 139815 0 7 0 0 262 0 2 0 0 0 0 0
1398887879 0 0 13 139815 0 7 0 0 262 0 2 0 0 0 0 0
1398889150 0 0 14 139815 0 7 0 0 262 0 2 0 0 0 0 0
1398896443 0 0 14 139821 0 7 0 0 262 0 2 0 0 0 0 0
1398896459 0 0 14 139821 0 7 0 0 262 0 2 0 0 0 0 0
1398896992 0 0 16 139821 0 7 0 0 262 0 2 0 0 0 0 0
1399030939 0 0 16 139821 0 9 0 0 262 0 2 0 0 0 0 0
1399238240 0 0 22 139821 0 9 0 0 262 0 2 0 0 0 0 0
1399239359 0 0 23 139821 0 9 0 0 262 0 2 0 0 0 0 0
1399240309 0 0 25 139821 0 9 0 0 262 0 2 0 0 0 0 0
1399547896 0 0 29 139821 0 9 0 0 262 0 2 0 0 0 0 0
1402312779 0 0 29 139931 0 9 0 0 262 0 2 0 0 0 0 0
1402312806 0 0 29 139931 0 9 0 0 262 0 2 0 0 0 0 0
1402314236 0 0 29 139983 0 9 0 0 262 0 2 0 0 0 0 0
1402316706 0 0 29 140089 0 9 0 0 262 0 2 0 0 0 0 0
1402324913 0 0 29 140206 0 9 0 0 262 0 2 0 0 0 0 0
1402408917 76 0 29 140206 0 9 0 0 262 0 2 0 0 0 0 0
1402571585 446 0 29 140206 0 9 0 0 262 0 2 0 0 0 0 0
1402673565 767 0 29 140206 0 9 0 0 262 0 2 0 0 0 0 0
1402676569 777 0 29 140206 0 9 0 0 262 0 2 0 0 0 0 0
1402820229 908 0 29 140206 0 9 0 0 262 0 2 0 0 0 0 0
1402837656 976 0 29 140206 0 9 0 0 262 0 2 0 0 0 0 0
1402839016 1001 0 29 140206 0 9 0 0 262 0 2 0 0 0 0 0
1402910911 1047 0 29 140206 0 9 0 0 262 0 2 0 0 0 0 0
1402911947 1061 0 29 140206 0 9 0 0 262 0 2 0 0 0 0 0
1402917784 1214 0 29 140206 0 9 0 0 262 0 2 0 0 0 0 0
1402929255 1260 0 29 140206 0 9 0 0 262 0 2 0 0 0 0 0
1403014959 1418 0 29 140206 0 9 0 0 262 0 2 0 0 0 0 0
1403184188 1540 0 29 140206 0 9 0 0 262 0 2 0 0 0 0 0
1403214142 53272 0 29 140206 0 9 0 0 262 0 2 0 0 0 0 0
1403251550 53370 0 29 140206 0 9 0 0 262 0 2 0 0 0 0 0
1403251933 53375 0 29 140206 0 9 0 0 262 0 2 0 0 0 0 0
1403283433 156845 0 29 140206 0 9 0 0 262 0 2 0 0 0 0 0
1403285755 156845 0 35 140206 0 9 0 0 262 0 2 0 0 0 0 0
1403365600 156870 0 35 140206 0 9 0 0 262 0 2 0 0 0 0 0
1403467617 260465 0 35 140206 0 9 0 0 262 0 2 0 0 0 0 0
1403468303 260478 0 35 140206 0 9 0 0 262 0 2 0 0 0 0 0
1403531200 312242 0 35 140206 0 9 0 0 262 0 2 0 0 0 0 0
1403532199 312244 0 35 140206 0 9 0 0 262 0 2 0 0 0 0 0
1403560221 312262 0 35 140206 0 9 0 0 262 0 2 0 0 0 0 0
1403561376 312268 0 35 140206 0 9 0 0 262 0 2 0 0 0 0 0
1403646368 312273 0 35 140206 0 9 0 0 262 0 2 0 0 0 0 0
1403714341 312285 0 35 140206 0 9 0 0 262 0 2 0 0 0 0 0
1403966888 312499 0 35 140206 0 9 0 0 262 0 2 0 0 0 0 0
1403970197 313409 0 35 140206 0 9 0 0 262 0 2 0 0 0 0 0
1403971656 313476 0 35 140206 0 9 0 0 262 0 2 0 0 0 0 0
1403973563 313549 0 35 140206 0 9 0 0 262 0 2 0 0 0 0 0
1403974222 313619 0 35 140206 0 9 0 0 262 0 2 0 0 0 0 0
1403991600 313744 0 35 140206 0 9 0 0 262 0 2 0 0 0 0 0
1404169130 313804 0 35 140206 0 9 0 0 262 0 2 0 0 0 0 0
1404234807 313875 0 35 140206 0 9 0 0 262 0 2 0 0 0 0 0
1404235318 313876 0 35 140206 0 9 0 0 262 0 2 0 0 0 0 0
1404235692 313902 0 35 140206 0 9 0 0 262 0 2 0 0 0 0 0
1404313521 313922 0 35 140206 0 9 0 0 262 0 2 0 0 0 0 0
1404335903 314046 0 35 140206 0 9 0 0 262 0 2 0 0 0 0 0
1404336753 314047 0 35 140206 0 9 0 0 262 0 2 0 0 0 0 0
1404336801 314048 0 35 140206 0 9 0 0 262 0 2 0 0 0 0 0
1404337398 314048 0 37 140206 0 9 0 0 262 0 2 0 0 0 0 0
1404341444 314048 0 39 140206 0 9 0 0 262 0 2 0 0 0 0 0
1404342409 314048 0 45 140206 0 9 0 0 262 0 2 0 0 0 0 0
1404343069 314048 0 74 140206 0 9 0 0 262 0 2 0 0 0 0 0
1404346056 314048 0 91 140206 0 9 0 0 262 0 2 0 0 0 0 0
1404939929 314065 0 91 140206 0 9 0 0 262 0 2 0 0 0 0 0
1404939934 314065 0 91 140206 0 9 0 0 262 0 2 0 0 0 0 0
1405084817 366114 0 91 140206 0 9 0 0 262 0 2 0 0 0 0 0
1405201911 366203 0 91 140206 0 9 0 0 262 0 2 0 0 0 0 0
1405494595 366219 0 91 140206 0 9 0 0 262 0 2 0 0 0 0 0
1405497323 366221 0 91 140206 0 9 0 0 262 0 2 0 0 0 0 0
1405499609 366233 0 91 140206 0 9 0 0 262 0 2 0 0 0 0 0
1405527607 419044 0 91 140206 0 9 0 0 262 0 2 0 0 0 0 0
1405855411 419129 0 91 140206 0 9 0 0 262 0 2 0 0 0 0 0
1405885834 419130 0 91 140206 0 9 0 0 262 0 2 0 0 0 0 0
1405957007 419164 0 91 140206 0 9 0 0 262 0 2 0 0 0 0 0
1406666675 419275 0 91 140206 0 9 0 0 262 0 2 0 0 0 0 0
1408457793 419712 0 91 140206 0 9 0 0 262 0 2 0 0 0 0 0
1408487026 419712 0 91 140206 0 9 0 0 262 0 2 0 0 0 0 0
1408539733 419712 0 91 140206 0 9 0 0 262 0 2 0 0 0 0 0
1408544594 419716 0 91 140206 0 9 0 0 262 0 2 0 0 0 0 0
1408578426 419751 0 91 140206 0 9 0 0 262 0 2 0 0 0 0 0
1408613130 419751 0 91 140206 0 9 0 0 262 0 2 0 0 0 0 0
1408614267 419751 0 91 140206 0 9 0 0 262 0 2 0 0 0 0 0
1408619642 419795 0 91 140206 0 9 0 0 262 0 2 0 0 0 0 0
1408630442 419805 0 91 140206 0 9 0 0 262 0 2 0 0 0 0 0
1408919821 419863 0 91 140206 0 9 0 0 262 0 2 0 0 0 0 0
1409128596 419958 0 91 140206 0 9 0 0 262 0 2 0 0 0 0 0
1409153458 420911 0 91 140206 0 9 0 0 262 0 2 0 0 0 0 0
1409157135 420944 0 91 140206 0 9 0 0 262 0 2 0 0 0 0 0
1409223409 420976 0 91 140206 0 9 0 0 262 0 2 0 0 0 0 0
1409229604 420981 0 91 140206 0 9 0 0 262 0 2 0 0 0 0 0
1409240161 421219 0 91 140206 0 9 0 0 262 0 2 0 0 0 0 0
1409243885 421230 0 91 140206 0 9 0 0 262 0 2 0 0 0 0 0
1409314614 421270 0 91 140206 0 9 0 0 262 0 2 0 0 0 0 0
1409330527 422183 0 91 140206 0 9 0 0 262 0 2 0 0 0 0 0
1409331919 422213 0 91 140206 0 9 0 0 262 0 2 0 0 0 0 0
1409584490 422404 0 91 140206 0 9 0 0 262 0 2 0 0 0 0 0
1409590836 422875 0 91 140206 0 9 0 0 262 0 2 0 0 0 0 0
1409754565 422881 0 91 140206 0 9 0 0 262 0 2 0 0 0 0 0
1409919332 423794 0 91 140206 0 9 0 0 262 0 2 0 0 0 0 0
1409920640 423795 0 91 140206 0 9 0 0 262 0 2 0 0 0 0 0
1409927979 423799 0 91 140206 0 9 0 0 262 0 2 0 0 0 0 0
1409929746 423801 0 91 140206 0 9 0 0 262 0 2 0 0 0 0 0
1410042924 423901 0 91 140206 0 9 0 0 262 0 2 0 0 0 0 0
1410257474 424101 0 91 140206 0 9 0 0 262 0 2 0 0 0 0 0
1410290412 424205 0 91 140206 0 9 0 0 262 0 2 0 0 0 0 0
1410470962 424249 0 91 140206 0 9 0 0 262 0 2 0 0 0 0 0
1410471267 424389 0 91 140206 0 9 0 0 262 0 2 0 0 0 0 0
1410474851 424504 0 91 140206 0 9 0 0 262 0 2 0 0 0 0 0
1410510213 424534 0 91 140206 0 9 0 0 262 0 2 0 0 0 0 0
1410527938 424584 0 91 140206 0 9 0 0 262 0 2 0 0 0 0 0
1410529220 424844 0 91 140206 0 9 0 0 262 0 2 0 0 0 0 0
1410529881 424848 0 91 140206 0 9 0 0 262 0 2 0 0 0 0 0
1410532262 424878 0 91 140206 0 9 0 0 262 0 2 0 0 0 0 0
1410550057 424894 0 91 140206 0 9 0 0 262 0 2 0 0 0 0 0
1410624734 425246 0 91 140206 0 9 0 0 262 0 2 0 0 0 0 0
1410627736 425348 0 91 140206 0 9 0 0 262 0 2 0 0 0 0 0
1410709613 425418 0 91 140206 0 9 0 0 262 0 2 0 0 0 0 0
1410733573 425420 0 91 140206 0 9 0 0 262 0 2 0 0 0 0 0
1410788545 425438 0 91 140206 0 9 0 0 262 0 2 0 0 0 0 0
1410793943 425461 0 91 140206 0 9 0 0 262 0 2 0 0 0 0 0
1410820554 425461 0 125 140206 0 9 0 0 262 0 2 0 0 0 0 0
1410821734 425461 0 125 140206 0 9 0 0 262 0 2 0 0 0 0 0
1410825143 425461 0 133 140206 0 9 0 0 262 0 2 0 0 0 0 0
1410827374 425461 0 133 140206 0 9 0 0 262 0 2 0 0 0 2 0
1410839181 425461 0 135 140206 0 9 0 0 262 0 2 0 0 0 2 0
1410839374 425461 0 137 140206 0 9 0 0 262 0 2 0 0 0 2 0
1410843843 425461 0 137 140206 0 9 0 0 262 0 8 0 0 0 2 0
1410844095 425461 0 137 140206 0 9 0 0 262 0 9 0 0 0 2 0
1410847811 425461 0 137 140206 0 9 0 0 262 0 10 0 0 0 2 0
1410849095 425461 0 137 140206 0 9 0 0 262 0 11 0 0 0 2 0
1410860517 425461 0 138 140206 0 9 0 0 262 0 11 0 0 0 2 0
1410895732 425461 0 139 140206 0 9 0 0 262 0 11 0 0 0 2 0
1410896183 425461 0 140 140206 0 9 0 0 262 0 11 0 0 0 2 0
1410954897 425568 0 140 140206 0 9 0 0 262 0 11 0 0 0 2 0
1410954913 425568 0 140 140206 0 9 0 0 262 0 11 0 0 0 2 0
1410955181 425569 0 140 140206 0 9 0 0 262 0 11 0 0 0 2 0
1410960794 425573 0 140 140206 0 9 0 0 262 0 11 0 0 0 2 0
1411059660 425575 0 140 140206 0 9 0 0 262 0 11 0 0 0 2 0
1411123572 425777 0 140 140206 0 9 0 0 262 0 11 0 0 0 2 0
1411123901 425794 0 140 140206 0 9 0 0 262 0 11 0 0 0 2 0
1411131562 425794 0 145 140206 0 9 0 0 262 0 11 0 0 0 2 0
1411131800 425794 0 146 140206 0 9 0 0 262 0 11 0 0 0 2 0
1411132561 425794 0 191 140206 0 9 0 0 262 0 11 0 0 0 2 0
1411132596 425794 0 192 140206 0 9 0 0 262 0 11 0 0 0 2 0
1411133222 425794 0 193 140206 0 9 0 0 262 0 11 0 0 0 2 0
1411239750 425794 0 193 140206 313 9 0 0 262 0 11 0 0 0 2 0
1411317542 425803 0 193 140206 313 9 0 0 262 0 11 0 0 0 2 0
1411317568 425803 0 193 140206 313 9 0 0 262 0 11 0 0 0 2 0
1411318209 455989 0 193 140206 313 9 0 0 262 0 11 0 0 0 2 0
1411318805 455989 0 193 140206 313 9 0 0 262 0 11 0 0 0 2 0
1411326194 456012 0 193 140206 313 9 0 0 262 0 11 0 0 0 2 0
1411381009 456014 0 193 140206 313 9 0 0 262 0 11 0 0 0 2 0
1411381403 456014 0 193 140206 313 9 0 0 262 0 11 0 0 0 2 0
1411386485 456014 0 193 140206 476 9 0 0 262 0 11 0 0 0 2 0
1411386521 456014 0 193 140206 476 9 0 0 262 0 11 0 0 0 2 0
1411394495 456014 0 193 140206 574 9 0 0 262 0 11 0 0 0 2 0
1411400760 456064 0 193 140206 574 9 0 0 262 0 11 0 0 0 2 0
1411400772 456064 0 193 140206 574 9 0 0 262 0 11 0 0 0 2 0
1411402067 456071 0 193 140206 574 9 0 0 262 0 11 0 0 0 2 0
1411425441 456087 0 193 140206 574 9 0 0 262 0 11 0 0 0 2 0
1411425876 456090 0 193 140206 574 9 0 0 262 0 11 0 0 0 2 0
1411461374 456211 0 193 140206 574 9 0 0 262 0 11 0 0 0 2 0
1411471304 456224 0 193 140206 574 9 0 0 262 0 11 0 0 0 2 0
1411472781 456244 0 193 140206 574 9 0 0 262 0 11 0 0 0 2 0
1411474214 456244 0 199 140206 574 9 0 0 262 0 11 0 0 0 2 0
1411474364 456244 0 200 140206 574 9 0 0 262 0 11 0 0 0 2 0
1411474807 456244 0 201 140206 574 9 0 0 262 0 11 0 0 0 2 0
1411482750 456244 0 201 140206 574 1124 0 0 262 0 11 0 0 0 2 0
1411545866 456248 0 201 140206 574 1124 0 0 262 0 11 0 0 0 2 0
1411545886 456248 0 201 140206 574 1124 0 0 262 0 11 0 0 0 2 0
1411550646 456376 0 201 140206 574 1124 0 0 262 0 11 0 0 0 2 0
1411569872 456376 0 202 140206 574 1124 0 0 262 0 11 0 0 0 2 0
1411635147 456385 0 202 140206 574 1124 0 0 262 0 11 0 0 0 2 0
1411635159 456385 0 202 140206 574 1124 0 0 262 0 11 0 0 0 2 0
1411635364 456385 0 202 140206 574 1124 0 0 262 0 11 0 0 0 2 0
1411635941 456388 0 202 140206 574 1124 0 0 262 0 11 0 0 0 2 0
1411647604 456388 0 202 140206 580 1124 0 0 262 0 11 0 0 0 2 0
1411647711 456388 0 202 140206 818 1124 0 0 262 0 11 0 0 0 2 0
1411648335 456388 0 202 140206 818 1124 0 0 262 0 11 0 0 0 2 0
1411648706 456388 0 202 140206 818 1124 0 0 262 0 11 0 0 0 2 0
1411653220 456408 0 202 140206 818 1124 0 0 262 0 11 0 0 0 2 0
1411653228 456408 0 202 140206 818 1124 0 0 262 0 11 0 0 0 2 0
1411655338 456408 0 208 140206 818 1124 0 0 262 0 11 0 0 0 2 0
1411655369 456408 0 208 140206 818 1124 0 0 262 0 11 0 0 0 2 0
1411656769 456421 0 208 140206 818 1124 0 0 262 0 11 0 0 0 2 0
1411656783 456421 0 208 140206 818 1124 0 0 262 0 11 0 0 0 2 0
1411657416 456423 0 208 140206 818 1124 0 0 262 0 11 0 0 0 2 0
1411657886 456423 0 208 140206 818 4601 0 0 262 0 11 0 0 0 2 0
1411657914 456423 0 210 140206 818 4601 0 0 262 0 11 0 0 0 2 0
1411657926 456423 0 210 140206 818 4601 0 0 262 0 11 0 0 0 2 0
1411657935 456423 0 210 140206 818 4601 0 0 262 0 11 0 0 0 2 0
1411686096 456423 0 213 140206 818 4601 0 0 262 0 11 0 0 0 2 0
1411733115 456497 0 213 140206 818 4601 0 0 262 0 11 0 0 0 2 0
1411733132 456497 0 213 140206 818 4601 0 0 262 0 11 0 0 0 2 0
1411828244 456506 0 213 140206 818 4601 0 0 262 0 11 0 0 0 2 0
1411834700 456558 0 213 140206 818 4601 0 0 262 0 11 0 0 0 2 0
1411835375 456564 0 213 140206 818 4601 0 0 262 0 11 0 0 0 2 0
1411836453 456590 0 213 140206 818 4601 0 0 262 0 11 0 0 0 2 0
1411836611 456592 0 213 140206 818 4601 0 0 262 0 11 0 0 0 2 0
1411927973 456605 0 213 140206 818 4601 0 0 262 0 11 0 0 0 2 0
1411929554 456605 0 219 140206 818 4601 0 0 262 0 11 0 0 0 2 0
1411929687 456605 0 221 140206 818 4601 0 0 262 0 11 0 0 0 2 0
1411935049 456607 0 221 140206 818 4601 0 0 262 0 11 0 0 0 2 0
1411936925 456607 0 222 140206 818 4601 0 0 262 0 11 0 0 0 2 0
1412000423 456607 0 227 140206 818 4601 0 0 262 0 11 0 0 0 2 0
1412000490 456607 0 227 140206 818 4601 0 0 262 0 11 0 0 0 2 0
1412030755 456609 0 227 140206 818 4601 0 0 262 0 11 0 0 0 2 0
1412116124 456699 0 227 140206 818 4601 0 0 262 0 11 0 0 0 2 0
1412154273 456797 0 227 140206 818 4601 0 0 262 0 11 0 0 0 2 0
1412154770 456820 0 227 140206 818 4601 0 0 262 0 11 0 0 0 2 0
1412155337 456834 0 227 140206 818 4601 0 0 262 0 11 0 0 0 2 0
1412171557 456850 0 227 140206 818 4601 0 0 262 0 11 0 0 0 2 0
1412171613 456850 0 227 140206 818 4601 0 0 262 0 11 0 0 0 2 0
1412184036 456867 0 227 140206 818 4601 0 0 262 0 11 0 0 0 2 0
1412202961 630667 0 227 140206 818 4601 0 0 262 0 11 0 0 0 2 0
1412241370 630689 0 227 140206 818 4601 0 0 262 0 11 0 0 0 2 0
1412267980 630705 0 227 140206 818 4601 0 0 262 0 11 0 0 0 2 0
1412270564 630765 0 227 140206 818 4601 0 0 262 0 11 0 0 0 2 0
1412290239 630856 0 227 140206 818 4601 0 0 262 0 11 0 0 0 2 0
1412367275 631026 0 227 140206 818 4601 0 0 262 0 11 0 0 0 2 0
1412369705 631031 0 227 140206 818 4601 0 0 262 0 11 0 0 0 2 0
1412372631 631036 0 227 140206 818 4601 0 0 262 0 11 0 0 0 2 0
1412440617 631036 0 229 140206 818 4601 0 0 262 0 11 0 0 0 2 0
1412441026 631036 0 243 140206 818 4601 0 0 262 0 11 0 0 0 2 0
1412441154 631036 0 244 140206 818 4601 0 0 262 0 11 0 0 0 2 0
1412441236 631036 0 245 140206 818 4601 0 0 262 0 11 0 0 0 2 0
1412441542 631036 0 252 140206 818 4601 0 0 262 0 11 0 0 0 2 0
1412450706 631129 0 252 140206 818 4601 0 0 262 0 11 0 0 0 2 0
1412450735 631129 0 252 140206 818 4601 0 0 262 0 11 0 0 0 2 0
1412462128 631129 0 287 140206 818 4601 0 0 262 0 11 0 0 0 2 0
1412462444 631129 0 287 140206 818 4601 0 0 262 0 11 0 0 0 2 0
1412462756 631136 0 287 140206 818 4601 0 0 262 0 11 0 0 0 2 0
1412503639 631166 0 287 140206 818 4601 0 0 262 0 11 0 0 0 2 0
1412525550 631166 0 287 140206 818 5279 0 0 262 0 11 0 0 0 2 0
1412535272 631210 0 287 140206 818 5279 0 0 262 0 11 0 0 0 2 0
1412535279 631210 0 287 140206 818 5279 0 0 262 0 11 0 0 0 2 0
1412538106 631224 0 287 140206 818 5279 0 0 262 0 11 0 0 0 2 0
1412544917 631224 0 287 140206 818 5279 0 0 262 0 11 0 0 0 2 0
1412545069 631224 0 290 140206 818 5279 0 0 262 0 11 0 0 0 2 0
1412592123 631224 0 291 140206 818 5279 0 0 262 0 11 0 0 0 2 0
1412612603 631233 0 291 140206 818 5279 0 0 262 0 11 0 0 0 2 0
1412616112 631234 0 291 140206 818 5279 0 0 262 0 11 0 0 0 2 0
1412616806 631351 0 291 140206 818 5279 0 0 262 0 11 0 0 0 2 0
1412617022 631351 0 291 140206 818 5279 0 0 262 0 11 0 0 0 2 0
1412617957 631351 0 291 140206 818 5279 0 0 262 0 11 0 0 0 2 0
1412632534 631351 0 292 140206 818 5279 0 0 262 0 11 0 0 0 2 0
1412669760 631424 0 292 140206 818 5279 0 0 262 0 11 0 0 0 2 0
1412669772 631424 0 292 140206 818 5279 0 0 262 0 11 0 0 0 2 0
1412671603 631438 0 292 140206 818 5279 0 0 262 0 11 0 0 0 2 0
1412679274 631455 0 292 140206 818 5279 0 0 262 0 11 0 0 0 2 0
1412681366 631481 0 292 140206 818 5279 0 0 262 0 11 0 0 0 2 0
1412781196 631528 0 292 140206 818 5279 0 0 262 0 11 0 0 0 2 0
1412783312 631647 0 292 140206 818 5279 0 0 262 0 11 0 0 0 2 0
1412804673 631651 0 292 140206 818 5279 0 0 262 0 11 0 0 0 2 0
1412807235 631656 0 292 140206 818 5279 0 0 262 0 11 0 0 0 2 0
1412844484 631722 0 292 140206 818 5279 0 0 262 0 11 0 0 0 2 0
1412845687 631722 0 292 140206 818 5441 0 0 262 0 11 0 0 0 2 0
1412858940 631805 0 292 140206 818 5441 0 0 262 0 11 0 0 0 2 0
1412858968 631805 0 292 140206 818 5441 0 0 262 0 11 0 0 0 2 0
1412860575 631805 0 292 140206 7340 5441 0 0 262 0 11 0 0 0 2 0
1412860624 631805 0 292 140206 7340 5441 0 0 262 0 11 0 0 0 2 0
1412863036 631805 0 292 140206 7340 5462 0 0 262 0 11 0 0 0 2 0
1412871864 631824 0 292 140206 7340 5462 0 0 262 0 11 0 0 0 2 0
1412871878 631824 0 292 140206 7340 5462 0 0 262 0 11 0 0 0 2 0
1412874632 631840 0 292 140206 7340 5462 0 0 262 0 11 0 0 0 2 0
1412876620 631840 0 292 140206 7340 5488 0 0 262 0 11 0 0 0 2 0
1412876705 631840 0 292 140206 7340 5488 0 0 262 0 11 0 0 0 2 0
1412890451 631840 0 292 140206 7340 5535 0 0 262 0 11 0 0 0 2 0
1412891069 631917 0 292 140206 7340 5535 0 0 262 0 11 0 0 0 2 0
1412891083 631917 0 292 140206 7340 5535 0 0 262 0 11 0 0 0 2 0
1412892050 631931 0 292 140206 7340 5535 0 0 262 0 11 0 0 0 2 0
1412894512 631939 0 292 140206 7340 5535 0 0 262 0 11 0 0 0 2 0
1412921502 631939 0 292 140206 7340 5548 0 0 262 0 11 0 0 0 2 0
1412933941 631939 0 292 140206 7820 5548 0 0 262 0 11 0 0 0 2 0
1412934848 631939 0 292 140206 7820 5548 0 0 262 0 11 0 0 0 2 0
1412944271 631939 0 292 140206 7820 5548 0 0 262 0 11 0 0 2 2 0
1412949140 631939 0 292 140206 7820 5548 0 0 262 0 11 0 0 2 2 0
1412959263 631939 0 292 140206 7820 5548 0 0 262 0 11 0 0 2 2 0
1412960694 631939 0 312 140206 7820 5548 0 0 262 0 11 0 0 2 2 0
1412963093 631939 0 312 140206 7849 5548 0 0 262 0 11 0 0 2 2 0
1412963139 631939 0 312 140206 7849 5548 0 0 262 0 11 0 0 2 2 0
1412970767 631939 0 348 140206 7849 5548 0 0 262 0 11 0 0 2 2 0
1412972143 631939 0 350 140206 7849 5548 0 0 262 0 11 0 0 2 2 0
1412972719 631939 0 357 140206 7849 5548 0 0 262 0 11 0 0 2 2 0
1412974086 631939 0 363 140206 7849 5548 0 0 262 0 11 0 0 2 2 0
1412974392 631939 0 363 140206 7849 5548 0 0 262 0 11 0 0 2 2 0
1412974883 631939 0 369 140206 7849 5548 0 0 262 0 11 0 0 2 2 0
1412978720 631939 0 369 140206 7849 5698 0 0 262 0 11 0 0 2 2 0
1412983937 631939 0 26613 140206 7849 5698 0 0 262 0 11 0 0 2 2 0
1412983975 631939 0 26613 140206 7849 5698 0 0 262 0 11 0 0 2 2 0
1412991760 631939 0 26652 140206 7849 5698 0 0 262 0 11 0 0 2 2 0
1412991974 631939 0 26700 140206 7849 5698 0 0 262 0 11 0 0 2 2 0
1412992150 631939 0 26700 140206 7849 5698 0 0 262 0 11 0 0 2 2 0
1412995142 631939 0 26701 140206 7849 5698 0 0 262 0 11 0 0 2 2 0
1412995638 631939 0 26702 140206 7849 5698 0 0 262 0 11 0 0 2 2 0
1412997523 631939 0 26702 140206 7849 5698 0 0 262 0 11 0 0 2 2 0
1413018942 631939 0 26702 140206 7864 5698 0 0 262 0 11 0 0 2 2 0
1413019277 631939 0 26702 140206 7864 5739 0 0 262 0 11 0 0 2 2 0
1413021620 631939 0 26702 140206 7864 5741 0 0 262 0 11 0 0 2 2 0
1413028393 631939 0 26702 140206 7872 5741 0 0 262 0 11 0 0 2 2 0
1413044566 631939 0 26702 140206 7872 5741 0 0 262 0 11 0 0 2 2 0
1413046284 631939 0 26763 140206 7872 5741 0 0 262 0 11 0 0 2 2 0
1413047087 631965 0 26763 140206 7872 5741 0 0 262 0 11 0 0 2 2 0
1413047358 631965 0 26790 140206 7872 5741 0 0 262 0 11 0 0 2 2 0
1413047385 631965 0 26790 140206 7872 5741 0 0 262 0 11 0 0 2 2 0
1413050186 631965 0 26790 140206 7872 5770 0 0 262 0 11 0 0 2 2 0
1413050242 631965 0 26790 140206 7872 5770 0 0 262 0 11 0 0 2 2 0
1413051600 631965 0 26790 140206 7872 5770 0 0 262 0 11 0 0 2 2 0
1413051682 631965 0 26790 140206 7872 5770 0 0 262 0 11 0 0 2 2 0
1413057676 631965 0 26790 140206 7924 5770 0 0 262 0 11 0 0 2 2 0
1413058265 631965 0 26812 140206 7924 5770 0 0 262 0 11 0 0 2 2 0
1413058331 631965 0 26812 140206 7924 5770 0 0 262 0 11 0 0 2 2 0
1413058493 631965 0 26814 140206 7924 5770 0 0 262 0 11 0 0 2 2 0
1413058699 631965 0 26815 140206 7924 5770 0 0 262 0 11 0 0 2 2 0
1413069280 631965 0 26815 140206 7924 5792 0 0 262 0 11 0 0 2 2 0
1413069332 631965 0 26815 140206 7924 5792 0 0 262 0 11 0 0 2 2 0
1413069976 631965 0 26819 140206 7924 5792 0 0 262 0 11 0 0 2 2 0
1413072197 632092 0 26819 140206 7924 5792 0 0 262 0 11 0 0 2 2 0
1413073737 632109 0 26819 140206 7924 5792 0 0 262 0 11 0 0 2 2 0
1413107793 632109 0 26819 140206 7924 5798 0 0 262 0 11 0 0 2 2 0
1413108928 632109 0 26819 140206 7924 5808 0 0 262 0 11 0 0 2 2 0
1413112360 632109 0 26819 140206 7924 5860 0 0 262 0 11 0 0 2 2 0
1413115303 632109 0 26819 140206 7924 5862 0 0 262 0 11 0 0 2 2 0
1413117288 632109 0 26819 140206 7924 5875 0 0 262 0 11 0 0 2 2 0
1413117923 632109 0 26819 140206 7924 5899 0 0 262 0 11 0 0 2 2 0
1413120269 632109 0 26819 140206 7924 5939 0 0 262 0 11 0 0 2 2 0
1413126606 632109 0 26819 140206 7924 5946 0 0 262 0 11 0 0 2 2 0
1413127597 632109 0 26819 140206 7924 5987 0 0 262 0 11 0 0 2 2 0
1413130196 632109 0 26819 140206 7924 6015 0 0 262 0 11 0 0 2 2 0
1413149577 632109 0 26819 140206 7924 6035 0 0 262 0 11 0 0 2 2 0
1413154551 632109 0 26828 140206 7924 6035 0 0 262 0 11 0 0 2 2 0
1413188127 632109 0 26828 140206 8043 6035 0 0 262 0 11 0 0 2 2 0
1413188454 632109 0 26828 140206 8044 6035 0 0 262 0 11 0 0 2 2 0
1413188783 632109 0 26828 140206 8044 6035 0 0 262 0 11 0 0 2 2 0
1413189242 632109 0 26828 140206 8046 6035 0 0 262 0 11 0 0 2 2 0
1413189368 632109 0 26828 140206 8046 6052 0 0 262 0 11 0 0 2 2 0
1413189521 632109 0 26828 140206 8046 6052 0 0 262 0 11 0 0 2 2 0
1413215958 632109 0 26828 140206 8046 6136 0 0 262 0 11 0 0 2 2 0
1413225997 632109 0 26828 140206 8047 6136 0 0 262 0 11 0 0 2 2 0
1413226016 632109 0 26828 140206 8047 6136 0 0 262 0 11 0 0 2 2 0
1413236116 632109 0 26828 140206 8069 6136 0 0 262 0 11 0 0 2 2 0
1413302889 632109 0 26828 140206 8069 6150 0 0 262 0 11 0 0 2 2 0
1413304231 632109 0 26828 140206 8069 6180 0 0 262 0 11 0 0 2 2 0
1413314497 632109 0 26828 140206 8069 6254 0 0 262 0 11 0 0 2 2 0
1413383158 632109 0 26828 140206 8120 6254 0 0 262 0 11 0 0 2 2 0
1413389665 632109 0 26828 140206 8130 6254 0 0 262 0 11 0 0 2 2 0
1413391563 632109 0 26828 140206 8167 6254 0 0 262 0 11 0 0 2 2 0
1413392218 632109 0 26828 140206 8191 6254 0 0 262 0 11 0 0 2 2 0
1413403299 632109 0 26828 140206 8191 6256 0 0 262 0 11 0 0 2 2 0
1413403302 632109 0 26828 140206 8247 6256 0 0 262 0 11 0 0 2 2 0
1413403350 632109 0 26828 140206 8247 6256 0 0 262 0 11 0 0 2 2 0
1413403645 632109 0 26828 140206 8247 6259 0 0 262 0 11 0 0 2 2 0
1413405903 632109 0 26828 140206 8247 6270 0 0 262 0 11 0 0 2 2 0
1413406665 632109 0 26828 140206 8247 6270 0 0 262 0 11 0 0 2 2 0
1413441059 632109 0 26828 140206 8247 6331 0 0 262 0 11 0 0 2 2 0
1413441267 632109 0 26828 140206 8255 6331 0 0 262 0 11 0 0 2 2 0
1413441337 632109 0 26828 140206 8255 6331 0 0 262 0 11 0 0 2 2 0
1413449979 632109 0 26828 140206 8255 8203 0 0 262 0 11 0 0 2 2 0
1413465179 632111 0 26828 140206 8255 8203 0 0 262 0 11 0 0 2 2 0
1413465199 632111 0 26828 140206 8255 8203 0 0 262 0 11 0 0 2 2 0
1413644979 632111 0 26828 140206 10199 8203 0 0 262 0 11 0 0 2 2 0
1413659014 632111 0 26828 140206 10410 8203 0 0 262 0 11 0 0 2 2 0
1413664551 632111 0 26828 140206 10723 8203 0 0 262 0 11 0 0 2 2 0
1413710494 632111 0 26828 140206 11806 8203 0 0 262 0 11 0 0 2 2 0
1413837883 634140 0 26828 140206 11806 8203 0 0 262 0 11 0 0 2 2 0
1413837897 634140 0 26828 140206 11806 8203 0 0 262 0 11 0 0 2 2 0
1413838291 634270 0 26828 140206 11806 8203 0 0 262 0 11 0 0 2 2 0
1413847568 634308 0 26828 140206 11806 8203 0 0 262 0 11 0 0 2 2 0
1413911670 634326 0 26828 140206 11806 8203 0 0 262 0 11 0 0 2 2 0
1414015769 642757 0 26828 140206 11806 8203 0 0 262 0 11 0 0 2 2 0
1414016298 642767 0 26828 140206 11806 8203 0 0 262 0 11 0 0 2 2 0
1414106866 642906 0 26828 140206 11806 8203 0 0 262 0 11 0 0 2 2 0
1414108877 642923 0 26828 140206 11806 8203 0 0 262 0 11 0 0 2 2 0
1414176785 642979 0 26828 140206 11806 8203 0 0 262 0 11 0 0 2 2 0
1414178217 642985 0 26828 140206 11806 8203 0 0 262 0 11 0 0 2 2 0
1414192009 643067 0 26828 140206 11806 8203 0 0 262 0 11 0 0 2 2 0
1414239201 643106 0 26828 140206 11806 8203 0 0 262 0 11 0 0 2 2 0
1414239925 643143 0 26828 140206 11806 8203 0 0 262 0 11 0 0 2 2 0
1414241105 643159 0 26828 140206 11806 8203 0 0 262 0 11 0 0 2 2 0
1414258123 643292 0 26828 140206 11806 8203 0 0 262 0 11 0 0 2 2 0
1414264329 643318 0 26828 140206 11806 8203 0 0 262 0 11 0 0 2 2 0
1414437797 643352 0 26828 140206 11806 8203 0 0 262 0 11 0 0 2 2 0
1414455189 643362 0 26828 140206 11806 8203 0 0 262 0 11 0 0 2 2 0
1414518684 643440 0 26828 140206 11806 8203 0 0 262 0 11 0 0 2 2 0
1414523437 643467 0 26828 140206 11806 8203 0 0 262 0 11 0 0 2 2 0
1414595542 643468 0 26828 140206 11806 8203 0 0 262 0 11 0 0 2 2 0
1414600250 643469 0 26828 140206 11806 8203 0 0 262 0 11 0 0 2 2 0
1414605053 643486 0 26828 140206 11806 8203 0 0 262 0 11 0 0 2 2 0
1414764820 644110 0 26828 140206 11806 8203 0 0 262 0 11 0 0 2 2 0
1414797229 644274 0 26828 140206 11806 8203 0 0 262 0 11 0 0 2 2 0
1414798024 644277 0 26828 140206 11806 8203 0 0 262 0 11 0 0 2 2 0
1414884658 644483 0 26828 140206 11806 8203 0 0 262 0 11 0 0 2 2 0
1414949595 644493 0 26828 140206 11806 8203 0 0 262 0 11 0 0 2 2 0
1414963313 644495 0 26828 140206 11806 8203 0 0 262 0 11 0 0 2 2 0
1414966475 644508 0 26828 140206 11806 8203 0 0 262 0 11 0 0 2 2 0
1415017179 644526 0 26828 140206 11806 8203 0 0 262 0 11 0 0 2 2 0
1415039171 644533 0 26828 140206 11806 8203 0 0 262 0 11 0 0 2 2 0
1415228469 644550 0 26828 140206 11806 8203 0 0 262 0 11 0 0 2 2 0
1415897665 644550 3 26828 140206 11806 8203 0 0 262 0 11 0 0 2 2 0
1415910609 644550 18099 26828 140206 11806 8203 0 0 262 0 11 0 0 2 2 0
1415918637 644550 18099 26828 140206 13736 8203 0 0 262 0 11 0 0 2 2 0
1415919199 644550 18099 26828 140206 13736 8203 0 0 262 0 11 0 0 2 2 0
1415960349 644550 18099 26828 140206 13736 8203 0 0 262 0 11 0 0 2 2 0
1415961074 644550 18195 26828 140206 13736 8203 0 0 262 0 11 0 0 2 2 0
1415961944 644550 18197 26828 140206 13736 8203 0 0 262 0 11 0 0 2 2 0
1415973705 644550 18198 26828 140206 13736 8203 0 0 262 0 11 0 0 2 2 0
1415974155 644550 18199 26828 140206 13736 8203 0 0 262 0 11 0 0 2 2 0
1415974274 644550 18201 26828 140206 13736 8203 0 0 262 0 11 0 0 2 2 0
1415974548 644550 18203 26828 140206 13736 8203 0 0 262 0 11 0 0 2 2 0
1415976257 644550 18205 26828 140206 13736 8203 0 0 262 0 11 0 0 2 2 0
1416215223 644550 18205 26828 140206 14111 8203 0 0 262 0 11 0 0 2 2 0
1416227895 644550 18213 26828 140206 14111 8203 0 0 262 0 11 0 0 2 2 0
1416234554 644550 18213 26828 140206 14111 8203 0 0 262 0 11 0 0 2 2 0
1416234566 644550 18213 26828 140206 14111 8203 0 0 262 0 11 0 0 2 2 0
1416238153 644550 18221 26828 140206 14111 8203 0 0 262 0 11 0 0 2 2 0
1416238166 644550 18221 26828 140206 14111 8203 0 0 262 0 11 0 0 2 2 0
1416240839 644550 18223 26828 140206 14111 8203 0 0 262 0 11 0 0 2 2 0
1416241307 644550 18224 26828 140206 14111 8203 0 0 262 0 11 0 0 2 2 0
1416266776 644550 18226 26828 140206 14111 8203 0 0 262 0 11 0 0 2 2 0
1416300149 644550 18311 26828 140206 14111 8203 0 0 262 0 11 0 0 2 2 0
1416300920 644550 18343 26828 140206 14111 8203 0 0 262 0 11 0 0 2 2 0
1416301294 644550 18344 26828 140206 14111 8203 0 0 262 0 11 0 0 2 2 0
1416301582 644550 18347 26828 140206 14111 8203 0 0 262 0 11 0 0 2 2 0
1416302411 644550 18348 26828 140206 14111 8203 0 0 262 0 11 0 0 2 2 0
1416302663 644550 18351 26828 140206 14111 8203 0 0 262 0 11 0 0 2 2 0
1416303091 644550 18353 26828 140206 14111 8203 0 0 262 0 11 0 0 2 2 0
1416324151 644632 18353 26828 140206 14111 8203 0 0 262 0 11 0 0 2 2 0
1416324162 644632 18353 26828 140206 14111 8203 0 0 262 0 11 0 0 2 2 0
1416349509 644632 18361 26828 140206 14111 8203 0 0 262 0 11 0 0 2 2 0
1416385940 644632 18363 26828 140206 14111 8203 0 0 262 0 11 0 0 2 2 0
1416386479 644632 18365 26828 140206 14111 8203 0 0 262 0 11 0 0 2 2 0
1416387498 644632 18369 26828 140206 14111 8203 0 0 262 0 11 0 0 2 2 0
1416390405 644632 18373 26828 140206 14111 8203 0 0 262 0 11 0 0 2 2 0
1416391682 644671 18373 26828 140206 14111 8203 0 0 262 0 11 0 0 2 2 0
1416393380 644671 18401 26828 140206 14111 8203 0 0 262 0 11 0 0 2 2 0
1416393546 644671 18401 26828 140206 14111 8203 0 0 262 0 11 0 0 2 2 0
1416393809 644671 18418 26828 140206 14111 8203 0 0 262 0 11 0 0 2 2 0
1416393927 644671 18435 26828 140206 14111 8203 0 0 262 0 11 0 0 2 2 0
1416399713 644671 18435 26828 140206 14111 8203 0 0 262 0 11 0 0 2 2 0
1416399745 644671 18435 26828 140206 14111 8203 0 0 262 0 11 0 0 2 2 0
1416408352 644671 18454 26828 140206 14111 8203 0 0 262 0 11 0 0 2 2 0
1416408923 644671 18474 26828 140206 14111 8203 0 0 262 0 11 0 0 2 2 0
1416410826 644671 18485 26828 140206 14111 8203 0 0 262 0 11 0 0 2 2 0
1416410835 644671 18485 26828 140206 14111 8203 0 0 262 0 11 0 0 2 2 0
1416436598 644671 18485 26828 140206 14671 8203 0 0 262 0 11 0 0 2 2 0
1416487495 644758 18485 26828 140206 14671 8203 0 0 262 0 11 0 0 2 2 0
1416487507 644758 18485 26828 140206 14671 8203 0 0 262 0 11 0 0 2 2 0
1416498859 644837 18485 26828 140206 14671 8203 0 0 262 0 11 0 0 2 2 0
1416499619 644837 18485 26828 140206 14793 8203 0 0 262 0 11 0 0 2 2 0
1416499641 644837 18485 26828 140206 14793 8203 0 0 262 0 11 0 0 2 2 0
1416500340 644840 18485 26828 140206 14793 8203 0 0 262 0 11 0 0 2 2 0
1416500351 644840 18485 26828 140206 14793 8203 0 0 262 0 11 0 0 2 2 0
1416506075 644931 18485 26828 140206 14793 8203 0 0 262 0 11 0 0 2 2 0
1416507287 644956 18485 26828 140206 14793 8203 0 0 262 0 11 0 0 2 2 0
1416518923 644956 18485 26828 140206 14959 8203 0 0 262 0 11 0 0 2 2 0
1416524390 644963 18485 26828 140206 14959 8203 0 0 262 0 11 0 0 2 2 0
1416524403 644963 18485 26828 140206 14959 8203 0 0 262 0 11 0 0 2 2 0
1416560189 645165 18485 26828 140206 14959 8203 0 0 262 0 11 0 0 2 2 0
1416562313 645199 18485 26828 140206 14959 8203 0 0 262 0 11 0 0 2 2 0
1416563371 645199 18597 26828 140206 14959 8203 0 0 262 0 11 0 0 2 2 0
1416563378 645199 18597 26828 140206 14959 8203 0 0 262 0 11 0 0 2 2 0
1416563914 645199 18602 26828 140206 14959 8203 0 0 262 0 11 0 0 2 2 0
1416564226 645199 18912 26828 140206 14959 8203 0 0 262 0 11 0 0 2 2 0
1416565555 645199 18931 26828 140206 14959 8203 0 0 262 0 11 0 0 2 2 0
1416565608 645199 18950 26828 140206 14959 8203 0 0 262 0 11 0 0 2 2 0
1416567438 645199 18961 26828 140206 14959 8203 0 0 262 0 11 0 0 2 2 0
1416567690 645199 18963 26828 140206 14959 8203 0 0 262 0 11 0 0 2 2 0
1416568066 645199 18964 26828 140206 14959 8203 0 0 262 0 11 0 0 2 2 0
1416568212 645199 18976 26828 140206 14959 8203 0 0 262 0 11 0 0 2 2 0
1416568266 645199 18978 26828 140206 14959 8203 0 0 262 0 11 0 0 2 2 0
1416569458 645218 18978 26828 140206 14959 8203 0 0 262 0 11 0 0 2 2 0
1416569469 645218 18978 26828 140206 14959 8203 0 0 262 0 11 0 0 2 2 0
1416571660 645424 18978 26828 140206 14959 8203 0 0 262 0 11 0 0 2 2 0
1416573265 645424 18980 26828 140206 14959 8203 0 0 262 0 11 0 0 2 2 0
1416573277 645424 18980 26828 140206 14959 8203 0 0 262 0 11 0 0 2 2 0
1416573359 645452 18980 26828 140206 14959 8203 0 0 262 0 11 0 0 2 2 0
1416573379 645452 18980 26828 140206 14959 8203 0 0 262 0 11 0 0 2 2 0
1416578271 645452 18982 26828 140206 14959 8203 0 0 262 0 11 0 0 2 2 0
1416578278 645452 18982 26828 140206 14959 8203 0 0 262 0 11 0 0 2 2 0
1416578298 645452 18982 26828 140206 14959 8203 0 0 262 0 11 0 0 2 2 0
1416609763 645452 18982 26828 140206 15164 8203 0 0 262 0 11 0 0 2 2 0
1416782201 645456 18982 26828 140206 15164 8203 0 0 262 0 11 0 0 2 2 0
1416782215 645456 18982 26828 140206 15164 8203 0 0 262 0 11 0 0 2 2 0
1416840788 645456 18982 26828 140206 15316 8203 0 0 262 0 11 0 0 2 2 0
1416847073 645456 18983 26828 140206 15316 8203 0 0 262 0 11 0 0 2 2 0
1416847198 645456 18983 26828 140206 15316 8203 0 0 262 0 11 0 0 2 2 0
1416857374 645456 18983 26828 140206 15808 8203 0 0 262 0 11 0 0 2 2 0
1416931101 645456 18986 26828 140206 15808 8203 0 0 262 0 11 0 0 2 2 0
1416931106 645456 18986 26828 140206 15808 8203 0 0 262 0 11 0 0 2 2 0
1416933443 645456 18986 26828 140206 15808 8203 0 0 262 0 11 0 0 2 2 0
1416933564 645456 19530 26828 140206 15808 8203 0 0 262 0 11 0 0 2 2 0
1416934959 645456 19532 26828 140206 15808 8203 0 0 262 0 11 0 0 2 2 0
1416936303 645456 19536 26828 140206 15808 8203 0 0 262 0 11 0 0 2 2 0
1417003837 645456 19540 26828 140206 15808 8203 0 0 262 0 11 0 0 2 2 0
1417004402 645456 19542 26828 140206 15808 8203 0 0 262 0 11 0 0 2 2 0
1417005002 645456 19548 26828 140206 15808 8203 0 0 262 0 11 0 0 2 2 0
1417005969 645456 19550 26828 140206 15808 8203 0 0 262 0 11 0 0 2 2 0
1417006137 645456 19558 26828 140206 15808 8203 0 0 262 0 11 0 0 2 2 0
1417006510 645456 19562 26828 140206 15808 8203 0 0 262 0 11 0 0 2 2 0
1417006939 645456 19565 26828 140206 15808 8203 0 0 262 0 11 0 0 2 2 0
1417007434 645456 19569 26828 140206 15808 8203 0 0 262 0 11 0 0 2 2 0
1417007928 645456 19571 26828 140206 15808 8203 0 0 262 0 11 0 0 2 2 0
1417013839 645456 19573 26828 140206 15808 8203 0 0 262 0 11 0 0 2 2 0
1417014698 645456 19576 26828 140206 15808 8203 0 0 262 0 11 0 0 2 2 0
1417091667 645456 19588 26828 140206 15808 8203 0 0 262 0 11 0 0 2 2 0
1417100609 645456 19623 26828 140206 15808 8203 0 0 262 0 11 0 0 2 2 0
1417100918 645456 19660 26828 140206 15808 8203 0 0 262 0 11 0 0 2 2 0
1417182550 645456 19660 26828 140206 15808 8203 0 0 262 0 11 0 0 2 2 0
1417183914 645456 19667 26828 140206 15808 8203 0 0 262 0 11 0 0 2 2 0
1417382251 645484 19667 26828 140206 15808 8203 0 0 262 0 11 0 0 2 2 0
1417382258 645484 19667 26828 140206 15808 8203 0 0 262 0 11 0 0 2 2 0
1417521390 645487 19667 26828 140206 15808 8203 0 0 262 0 11 0 0 2 2 0
1417522420 645510 19667 26828 140206 15808 8203 0 0 262 0 11 0 0 2 2 0
1417529447 645522 19667 26828 140206 15808 8203 0 0 262 0 11 0 0 2 2 0
1417533119 645626 19667 26828 140206 15808 8203 0 0 262 0 11 0 0 2 2 0
1417599038 645632 19667 26828 140206 15808 8203 0 0 262 0 11 0 0 2 2 0
1417602536 645643 19667 26828 140206 15808 8203 0 0 262 0 11 0 0 2 2 0
1417602911 645647 19667 26828 140206 15808 8203 0 0 262 0 11 0 0 2 2 0
1417603158 645647 19667 26828 140206 15808 8203 0 0 262 0 11 0 0 2 2 0
1417603316 645664 19667 26828 140206 15808 8203 0 0 262 0 11 0 0 2 2 0
1417684852 645677 19667 26828 140206 15808 8203 0 0 262 0 11 0 0 2 2 0
1417684882 645678 19667 26828 140206 15808 8203 0 0 262 0 11 0 0 2 2 0
1417686729 645731 19667 26828 140206 15808 8203 0 0 262 0 11 0 0 2 2 0
1417688957 645847 19667 26828 140206 15808 8203 0 0 262 0 11 0 0 2 2 0
1417691441 645859 19667 26828 140206 15808 8203 0 0 262 0 11 0 0 2 2 0
1417692761 645871 19667 26828 140206 15808 8203 0 0 262 0 11 0 0 2 2 0
1417693167 645878 19667 26828 140206 15808 8203 0 0 262 0 11 0 0 2 2 0
1417695609 645879 19667 26828 140206 15808 8203 0 0 262 0 11 0 0 2 2 0
1417787078 645932 19667 26828 140206 15808 8203 0 0 262 0 11 0 0 2 2 0
1417792164 645943 19667 26828 140206 15808 8203 0 0 262 0 11 0 0 2 2 0
1417792676 645948 19667 26828 140206 15808 8203 0 0 262 0 11 0 0 2 2 0
1417794659 645954 19667 26828 140206 15808 8203 0 0 262 0 11 0 0 2 2 0
1417797357 645992 19667 26828 140206 15808 8203 0 0 262 0 11 0 0 2 2 0
1417798186 645993 19667 26828 140206 15808 8203 0 0 262 0 11 0 0 2 2 0
1417799046 646036 19667 26828 140206 15808 8203 0 0 262 0 11 0 0 2 2 0
1417800148 646241 19667 26828 140206 15808 8203 0 0 262 0 11 0 0 2 2 0
1417800228 646242 19667 26828 140206 15808 8203 0 0 262 0 11 0 0 2 2 0
1418115958 646242 19914 26828 140206 15808 8203 0 0 262 0 11 0 0 2 2 0
1418115965 646242 19914 26828 140206 15808 8203 0 0 262 0 11 0 0 2 2 0
1418128103 646242 19915 26828 140206 15808 8203 0 0 262 0 11 0 0 2 2 0
1418162751 646242 19915 26828 140206 15808 8203 3 0 262 0 11 0 0 2 2 0
1418162766 646242 19915 26828 140206 15808 8203 3 0 262 0 11 0 0 2 2 0
1418205727 646242 19915 26828 140206 15808 8203 242 0 262 0 11 0 0 2 2 0
1418207646 646242 19915 26828 140206 15808 8203 286 0 262 0 11 0 0 2 2 0
1418208667 646242 19915 26828 140206 15808 8203 286 0 262 0 11 0 0 2 2 0
1418221541 646242 19915 26828 140206 15808 8203 304 0 262 0 11 0 0 2 2 0
1418292461 646242 19915 26828 140206 15808 8203 323 0 262 0 11 0 0 2 2 0
1418296492 646242 19915 26828 140206 15808 8203 324 0 262 0 11 0 0 2 2 0
1418300139 646242 19915 26828 140206 15808 8203 325 0 262 0 11 0 0 2 2 0
1418377868 646242 19915 26828 140206 15808 8203 327 0 262 0 11 0 0 2 2 0
1418483723 646242 19915 26828 140206 15808 8203 337 0 262 0 11 0 0 2 2 0
1418483841 646242 19915 26828 140206 15808 8203 338 0 262 0 11 0 0 2 2 0
1418485943 646242 19915 26828 140206 15808 8203 363 0 262 0 11 0 0 2 2 0
1418487514 646242 19915 26828 140206 15808 8203 409 0 262 0 11 0 0 2 2 0
1418490471 646242 19915 26828 140206 15808 8203 420 0 262 0 11 0 0 2 2 0
1418578051 646242 19915 26828 140206 15808 8203 537 0 262 0 11 0 0 2 2 0
1418597052 646242 19915 26828 140206 15808 8203 566 0 262 0 11 0 0 2 2 0
1418838371 646242 19915 26828 140206 15808 8203 567 0 262 0 11 0 0 2 2 0
1418844592 646242 19915 26828 140206 15808 8203 590 0 262 0 11 0 0 2 2 0
1418844650 646242 19915 26828 140206 15808 8203 590 0 262 0 11 0 0 2 2 0
1418857198 646242 19915 26828 140206 15808 8203 610 0 262 0 11 0 0 2 2 0
1418857217 646242 19915 26828 140206 15808 8203 610 0 262 0 11 0 0 2 2 0
1418857684 646242 19915 26828 140206 15808 8203 615 0 262 0 11 0 0 2 2 0
1418907286 646242 19915 26828 140206 16327 8203 615 0 262 0 11 0 0 2 2 0
1421339381 646242 19915 26828 140206 16327 8203 615 0 262 0 11 0 0 4 2 0
1421678735 646242 19920 26828 140206 16327 8203 615 0 262 0 11 0 0 4 2 0
1421678953 646242 19938 26828 140206 16327 8203 615 0 262 0 11 0 0 4 2 0
1421684496 646445 19938 26828 140206 16327 8203 615 0 262 0 11 0 0 4 2 0
1421684708 646445 19956 26828 140206 16327 8203 615 0 262 0 11 0 0 4 2 0
1421685894 646463 19956 26828 140206 16327 8203 615 0 262 0 11 0 0 4 2 0
1421685906 646463 19956 26828 140206 16327 8203 615 0 262 0 11 0 0 4 2 0
1421690182 646692 19956 26828 140206 16327 8203 615 0 262 0 11 0 0 4 2 0
1421692406 646706 19956 26828 140206 16327 8203 615 0 262 0 11 0 0 4 2 0
1421703268 646709 19956 26828 140206 16327 8203 615 0 262 0 11 0 0 4 2 0
1421705055 646710 19956 26828 140206 16327 8203 615 0 262 0 11 0 0 4 2 0
1421707632 646713 19956 26828 140206 16327 8203 615 0 262 0 11 0 0 4 2 0
1421744245 646715 19956 26828 140206 16327 8203 615 0 262 0 11 0 0 4 2 0
1421747361 646715 19957 26828 140206 16327 8203 615 0 262 0 11 0 0 4 2 0
1421835681 646715 19958 26828 140206 16327 8203 615 0 262 0 11 0 0 4 2 0
1422019265 646715 19966 26828 140206 16327 8203 615 0 262 0 11 0 0 4 2 0
1422026943 646865 19966 26828 140206 16327 8203 615 0 262 0 11 0 0 4 2 0
1422026963 646865 19966 26828 140206 16327 8203 615 0 262 0 11 0 0 4 2 0
1422030966 646872 19966 26828 140206 16327 8203 615 0 262 0 11 0 0 4 2 0
1422179083 646872 19966 26828 140206 16670 8203 615 0 262 0 11 0 0 4 2 0
1422182793 646872 19966 26828 140206 16670 8203 615 4 262 0 11 0 0 4 2 0
1422193142 646872 19966 26828 140206 17274 8203 615 4 262 0 11 0 0 4 2 0
1422194271 646872 19966 26828 140206 17297 8203 615 4 262 0 11 0 0 4 2 0
1422194678 646872 19966 26828 140206 17542 8203 615 4 262 0 11 0 0 4 2 0
1422276199 646872 19966 26828 140206 17542 8203 615 420 262 0 11 0 0 4 2 0
1422276913 646872 19966 26828 140206 17542 8203 615 420 262 0 11 0 0 4 2 0
1422284355 646872 19967 26828 140206 17542 8203 615 420 262 0 11 0 0 4 2 0
1422292566 646872 19967 26828 140206 17542 8203 615 898 262 0 11 0 0 4 2 0
1422292676 646872 19967 26828 140206 17542 8203 615 898 262 0 11 0 0 4 2 0
1422313541 646872 19968 26828 140206 17542 8203 615 898 262 0 11 0 0 4 2 0
1422443450 646872 20445 26828 140206 17542 8203 615 898 262 0 11 0 0 4 2 0
1422444246 646872 20547 26828 140206 17542 8203 615 898 262 0 11 0 0 4 2 0
1422444367 646872 20688 26828 140206 17542 8203 615 898 262 0 11 0 0 4 2 0
1422478431 646872 20688 26828 140206 17542 8203 615 1593 262 0 11 0 0 4 2 0
1422523982 646872 20688 26828 140206 17542 8203 615 1593 262 0 11 0 111 4 2 0
1422524120 646872 20688 26828 140206 17542 8203 615 1593 262 0 11 0 1961 4 2 0
1422532383 646872 20688 26828 140206 17542 8203 615 1593 262 0 11 0 1983 4 2 0
1422539196 646872 20690 26828 140206 17542 8203 615 1593 262 0 11 0 1983 4 2 0
1422544333 646872 20695 26828 140206 17542 8203 615 1593 262 0 11 0 1983 4 2 0
1422553101 646872 21036 26828 140206 17542 8203 615 1593 262 0 11 0 1983 4 2 0
1422553959 646872 21056 26828 140206 17542 8203 615 1593 262 0 11 0 1983 4 2 0
1422558721 646872 21056 26828 140206 17542 8203 615 1948 262 0 11 0 1983 4 2 0
1422558754 646872 21056 26828 140206 17542 8203 615 1948 262 0 11 0 1983 4 2 0
1422660431 646873 21056 26828 140206 17542 8203 615 1948 262 0 11 0 1983 4 2 0
1422660445 646873 21056 26828 140206 17542 8203 615 1948 262 0 11 0 1983 4 2 0
1422721454 646873 21056 26828 140206 17542 8203 615 3456 262 0 11 0 1983 4 2 0
1422738995 646873 21056 26828 140206 17542 8203 615 4193 262 0 11 0 1983 4 2 0
1422789491 646873 21056 26828 140206 17542 8203 615 4533 262 0 11 0 1983 4 2 0
1422868219 646873 21056 26828 140206 17542 8203 615 5058 262 0 11 0 1983 4 2 0
1422873497 646873 21056 26828 140206 17542 8203 615 5381 262 0 11 0 1983 4 2 0
1423068410 646876 21056 26828 140206 17542 8203 615 5381 262 0 11 0 1983 4 2 0
1423068421 646876 21056 26828 140206 17542 8203 615 5381 262 0 11 0 1983 4 2 0
1423071711 646884 21056 26828 140206 17542 8203 615 5381 262 0 11 0 1983 4 2 0
1423144152 646900 21056 26828 140206 17542 8203 615 5381 262 0 11 0 1983 4 2 0
1423154876 646900 21072 26828 140206 17542 8203 615 5381 262 0 11 0 1983 4 2 0
1423154893 646900 21072 26828 140206 17542 8203 615 5381 262 0 11 0 1983 4 2 0
1423158187 646900 21104 26828 140206 17542 8203 615 5381 262 0 11 0 1983 4 2 0
1423177895 646986 21104 26828 140206 17542 8203 615 5381 262 0 11 0 1983 4 2 0
1423177907 646986 21104 26828 140206 17542 8203 615 5381 262 0 11 0 1983 4 2 0
1423223816 647001 21104 26828 140206 17542 8203 615 5381 262 0 11 0 1983 4 2 0
1423235200 647101 21104 26828 140206 17542 8203 615 5381 262 0 11 0 1983 4 2 0
1423254922 647204 21104 26828 140206 17542 8203 615 5381 262 0 11 0 1983 4 2 0
1423255346 647238 21104 26828 140206 17542 8203 615 5381 262 0 11 0 1983 4 2 0
1423256245 647443 21104 26828 140206 17542 8203 615 5381 262 0 11 0 1983 4 2 0
1423318064 647484 21104 26828 140206 17542 8203 615 5381 262 0 11 0 1983 4 2 0
1423321558 647495 21104 26828 140206 17542 8203 615 5381 262 0 11 0 1983 4 2 0
1423323096 647526 21104 26828 140206 17542 8203 615 5381 262 0 11 0 1983 4 2 0
1423329921 647603 21104 26828 140206 17542 8203 615 5381 262 0 11 0 1983 4 2 0
1423400924 647963 21104 26828 140206 17542 8203 615 5381 262 0 11 0 1983 4 2 0
1423412312 647963 21104 26828 140206 17542 8203 615 5381 262 0 11 0 1983 4 2 0
1423415992 647963 21104 26828 140206 17542 8203 615 5381 262 0 11 0 1983 4 2 0
1423438856 647996 21104 26828 140206 17542 8203 615 5381 262 0 11 0 1983 4 2 0
1423439242 648016 21104 26828 140206 17542 8203 615 5381 262 0 11 0 1983 4 2 0
1423486344 648022 21104 26828 140206 17542 8203 615 5381 262 0 11 0 1983 4 2 0
1423502019 648024 21104 26828 140206 17542 8203 615 5381 262 0 11 0 1983 4 2 0
1423505130 648024 21789 26828 140206 17542 8203 615 5381 262 0 11 0 1983 4 2 0
1423505139 648024 21789 26828 140206 17542 8203 615 5381 262 0 11 0 1983 4 2 0
1423516001 648043 21789 26828 140206 17542 8203 615 5381 262 0 11 0 1983 4 2 0
1423516012 648043 21789 26828 140206 17542 8203 615 5381 262 0 11 0 1983 4 2 0
1423526216 648048 21789 26828 140206 17542 8203 615 5381 262 0 11 0 1983 4 2 0
1423574902 648048 21790 26828 140206 17542 8203 615 5381 262 0 11 0 1983 4 2 0
1423585734 648059 21790 26828 140206 17542 8203 615 5381 262 0 11 0 1983 4 2 0
1423585745 648059 21790 26828 140206 17542 8203 615 5381 262 0 11 0 1983 4 2 0
1423588329 648062 21790 26828 140206 17542 8203 615 5381 262 0 11 0 1983 4 2 0
1423597003 648111 21790 26828 140206 17542 8203 615 5381 262 0 11 0 1983 4 2 0
1423599508 648116 21790 26828 140206 17542 8203 615 5381 262 0 11 0 1983 4 2 0
1423647208 648116 21791 26828 140206 17542 8203 615 5381 262 0 11 0 1983 4 2 0
1423648327 648116 21792 26828 140206 17542 8203 615 5381 262 0 11 0 1983 4 2 0
1423648918 648116 21793 26828 140206 17542 8203 615 5381 262 0 11 0 1983 4 2 0
1423659414 648116 21795 26828 140206 17542 8203 615 5381 262 0 11 0 1983 4 2 0
1423659823 648116 21797 26828 140206 17542 8203 615 5381 262 0 11 0 1983 4 2 0
1423692697 648116 21797 26828 140206 17542 8203 615 5550 262 0 11 0 1983 4 2 0
1423748714 648116 21798 26828 140206 17542 8203 615 5550 262 0 11 0 1983 4 2 0
1423756803 648116 21808 26828 140206 17542 8203 615 5550 262 0 11 0 1983 4 2 0
1423759133 648116 21809 26828 140206 17542 8203 615 5550 262 0 11 0 1983 4 2 0
1423760762 648116 21810 26828 140206 17542 8203 615 5550 262 0 11 0 1983 4 2 0
1423761547 648116 21811 26828 140206 17542 8203 615 5550 262 0 11 0 1983 4 2 0
1423763706 648116 21829 26828 140206 17542 8203 615 5550 262 0 11 0 1983 4 2 0
1423781718 648123 21829 26828 140206 17542 8203 615 5550 262 0 11 0 1983 4 2 0
1423781730 648123 21829 26828 140206 17542 8203 615 5550 262 0 11 0 1983 4 2 0
1423781791 648124 21829 26828 140206 17542 8203 615 5550 262 0 11 0 1983 4 2 0
1423819540 648134 21829 26828 140206 17542 8203 615 5550 262 0 11 0 1983 4 2 0
1423828721 648134 21843 26828 140206 17542 8203 615 5550 262 0 11 0 1983 4 2 0
1423831233 648134 21865 26828 140206 17542 8203 615 5550 262 0 11 0 1983 4 2 0
1423831708 648134 21869 26828 140206 17542 8203 615 5550 262 0 11 0 1983 4 2 0
1423838348 648134 21869 26828 140206 17542 8203 615 6056 262 0 11 0 1983 4 2 0
1423838975 648134 21869 26828 140206 17542 8203 615 6056 262 0 11 0 1983 4 2 0
1423919285 648152 21869 26828 140206 17542 8203 615 6056 262 0 11 0 1983 4 2 0
1423919295 648152 21869 26828 140206 17542 8203 615 6056 262 0 11 0 1983 4 2 0
1424371526 648338 21869 26828 140206 17542 8203 615 6056 262 0 11 0 1983 4 2 0
1424372335 648343 21869 26828 140206 17542 8203 615 6056 262 0 11 0 1983 4 2 0
1424449866 648345 21869 26828 140206 17542 8203 615 6056 262 0 11 0 1983 4 2 0
1424450124 648345 21869 26828 140206 17542 8203 615 6056 262 0 11 0 1983 4 2 0
1424468911 648469 21869 26828 140206 17542 8203 615 6056 262 0 11 0 1983 4 2 0
1424614847 648475 21869 26828 140206 17542 8203 615 6056 262 0 11 0 1983 4 2 0
1424653557 648505 21869 26828 140206 17542 8203 615 6056 262 0 11 0 1983 4 2 0
1424653677 648523 21869 26828 140206 17542 8203 615 6056 262 0 11 0 1983 4 2 0
1424653695 648523 21869 26828 140206 17542 8203 615 6056 262 0 11 0 1983 4 2 0
1424706589 648525 21869 26828 140206 17542 8203 615 6056 262 0 11 0 1983 4 2 0
1424737927 648785 21869 26828 140206 17542 8203 615 6056 262 0 11 0 1983 4 2 0
1424784928 648812 21869 26828 140206 17542 8203 615 6056 262 0 11 0 1983 4 2 0
1424788027 648819 21869 26828 140206 17542 8203 615 6056 262 0 11 0 1983 4 2 0
1424809744 649189 21869 26828 140206 17542 8203 615 6056 262 0 11 0 1983 4 2 0
1424826595 649267 21869 26828 140206 17542 8203 615 6056 262 0 11 0 1983 4 2 0
1424858092 649422 21869 26828 140206 17542 8203 615 6056 262 0 11 0 1983 4 2 0
1425331242 649422 21871 26828 140206 17542 8203 615 6056 262 0 11 0 1983 4 2 0
1425331725 649422 21874 26828 140206 17542 8203 615 6056 262 0 11 0 1983 4 2 0
1426162098 649422 21874 26828 140206 17542 8203 615 6356 262 0 11 0 1983 4 2 0
1426166176 649422 21874 26828 140206 17542 8203 615 6993 262 0 11 0 1983 4 2 0
1426931876 649430 21874 26828 140206 17542 8203 615 6993 262 0 11 0 1983 4 2 0
1426931897 649430 21874 26828 140206 17542 8203 615 6993 262 0 11 0 1983 4 2 0
1426931930 649430 21874 26828 140206 17542 8203 615 6993 262 0 11 0 1983 4 2 0
1426933376 649443 21874 26828 140206 17542 8203 615 6993 262 0 11 0 1983 4 2 0
1426933406 649443 21874 26828 140206 17542 8203 615 6993 262 0 11 0 1983 4 2 0
1427022399 649443 21874 26828 140206 17542 8203 615 6993 262 484 11 0 1983 4 2 0
1427022428 649443 21874 26828 140206 17542 8203 615 6993 262 484 11 0 1983 4 2 0
1427023969 649443 21874 26828 140206 17542 8203 615 6993 262 972 11 0 1983 4 2 0
1427029216 649443 21874 26828 140206 17542 8203 615 6993 262 1362 11 0 1983 4 2 0
1427032175 649443 21874 26828 140206 17542 8203 615 6993 262 1851 11 0 1983 4 2 0
1427066286 649443 21874 26828 140206 17542 8203 615 6993 262 1901 11 0 1983 4 2 0
1427147537 651450 21874 26828 140206 17542 8203 615 6993 262 1901 11 0 1983 4 2 0
1427148059 651462 21874 26828 140206 17542 8203 615 6993 262 1901 11 0 1983 4 2 0
1427148072 651462 21874 26828 140206 17542 8203 615 6993 262 1901 11 0 1983 4 2 0
1428095262 651462 21874 26828 140206 17542 8203 615 6993 262 2934 11 0 1983 4 2 0
1428096708 651462 21874 26828 140206 17542 8203 615 6993 262 3395 11 0 1983 4 2 0
1428096940 651462 21874 26828 140206 17542 8203 615 6993 262 3401 11 0 1983 4 2 0
1428441650 651465 21874 26828 140206 17542 8203 615 6993 262 3401 11 0 1983 4 2 0
1428441661 651465 21874 26828 140206 17542 8203 615 6993 262 3401 11 0 1983 4 2 0
1428583041 651465 21874 26828 140206 17542 8203 615 6993 262 3529 11 0 1983 4 2 0
1429482991 652515 21874 26828 140206 17542 8203 615 6993 262 3529 11 0 1983 4 2 0
1431866682 652515 21874 26829 140206 17542 8203 615 6993 262 3529 11 0 1983 4 2 0
1433344802 652515 21874 26829 140206 17542 8203 615 6993 262 3530 11 0 1983 4 2 0
1433455393 652517 21874 26829 140206 17542 8203 615 6993 262 3530 11 0 1983 4 2 0
1433455441 652517 21874 26829 140206 17542 8203 615 6993 262 3530 11 0 1983 4 2 0
1433455469 652517 21874 26829 140206 17542 8203 615 6993 262 3530 11 0 1983 4 2 0
1462293013 652563 21874 26829 140206 17542 8203 615 6993 262 3530 11 0 1983 4 2 0
1462309282 652908 21874 26829 140206 17542 8203 615 6993 262 3530 11 0 1983 4 2 0
1462309423 652908 21874 26829 140206 17542 8203 615 6993 262 3530 11 0 1983 4 2 0
1462383059 653164 21874 26829 140206 17542 8203 615 6993 262 3530 11 0 1983 4 2 0
1462661358 653348 21874 26829 140206 17542 8203 615 6993 262 3530 11 0 1983 4 2 0
1462663950 653353 21874 26829 140206 17542 8203 615 6993 262 3530 11 0 1983 4 2 0
1462711738 653413 21874 26829 140206 17542 8203 615 6993 262 3530 11 0 1983 4 2 0
1462726965 653438 21874 26829 140206 17542 8203 615 6993 262 3530 11 0 1983 4 2 0
1462798852 653595 21874 26829 140206 17542 8203 615 6993 262 3530 11 0 1983 4 2 0
1462826101 653611 21874 26829 140206 17542 8203 615 6993 262 3530 11 0 1983 4 2 0
1462890058 653858 21874 26829 140206 17542 8203 615 6993 262 3530 11 0 1983 4 2 0
1463045449 653986 21874 26829 140206 17542 8203 615 6993 262 3530 11 0 1983 4 2 0
1463072154 654039 21874 26829 140206 17542 8203 615 6993 262 3530 11 0 1983 4 2 0
1463091753 654072 21874 26829 140206 17542 8203 615 6993 262 3530 11 0 1983 4 2 0
1463095808 654111 21874 26829 140206 17542 8203 615 6993 262 3530 11 0 1983 4 2 0
1463146607 654114 21874 26829 140206 17542 8203 615 6993 262 3530 11 0 1983 4 2 0
1463410313 654266 21874 26829 140206 17542 8203 615 6993 262 3530 11 0 1983 4 2 0
1463440278 654396 21874 26829 140206 17542 8203 615 6993 262 3530 11 0 1983 4 2 0
1463504046 654519 21874 26829 140206 17542 8203 615 6993 262 3530 11 0 1983 4 2 0
1463585143 654555 21874 26829 140206 17542 8203 615 6993 262 3530 11 0 1983 4 2 0
1465233453 657154 21874 26829 140206 17542 8203 615 6993 262 3530 11 0 1983 4 2 0
1465308221 657177 21874 26829 140206 17542 8203 615 6993 262 3530 11 0 1983 4 2 0
1465308543 657179 21874 26829 140206 17542 8203 615 6993 262 3530 11 0 1983 4 2 0
1465311926 657457 21874 26829 140206 17542 8203 615 6993 262 3530 11 0 1983 4 2 0
1465313128 657473 21874 26829 140206 17542 8203 615 6993 262 3530 11 0 1983 4 2 0
1465388828 657483 21874 26829 140206 17542 8203 615 6993 262 3530 11 0 1983 4 2 0
1465390409 657560 21874 26829 140206 17542 8203 615 6993 262 3530 11 0 1983 4 2 0
1465577562 657715 21874 26829 140206 17542 8203 615 6993 262 3530 11 0 1983 4 2 0
1473771990 657842 21874 26829 140206 17542 8203 615 6993 262 3530 11 0 1983 4 2 0
1473774012 658005 21874 26829 140206 17542 8203 615 6993 262 3530 11 0 1983 4 2 0
1473779831 658076 21874 26829 140206 17542 8203 615 6993 262 3530 11 0 1983 4 2 0
1473784098 658304 21874 26829 140206 17542 8203 615 6993 262 3530 11 0 1983 4 2 0
1473860546 658386 21874 26829 140206 17542 8203 615 6993 262 3530 11 0 1983 4 2 0
1473862385 658496 21874 26829 140206 17542 8203 615 6993 262 3530 11 0 1983 4 2 0
1473865787 658605 21874 26829 140206 17542 8203 615 6993 262 3530 11 0 1983 4 2 0
1473866922 658723 21874 26829 140206 17542 8203 615 6993 262 3530 11 0 1983 4 2 0
1473868552 658724 21874 26829 140206 17542 8203 615 6993 262 3530 11 0 1983 4 2 0
1473927872 658738 21874 26829 140206 17542 8203 615 6993 262 3530 11 0 1983 4 2 0
1474028510 658751 21874 26829 140206 17542 8203 615 6993 262 3530 11 0 1983 4 2 0
1474031659 658752 21874 26829 140206 17542 8203 615 6993 262 3530 11 0 1983 4 2 0
1474043963 658752 21874 26830 140206 17542 8203 615 6993 262 3530 11 0 1983 4 2 0
1474278610 658781 21874 26830 140206 17542 8203 615 6993 262 3530 11 0 1983 4 2 0
1474278625 658781 21874 26830 140206 17542 8203 615 6993 262 3530 11 0 1983 4 2 0
1474281468 658785 21874 26830 140206 17542 8203 615 6993 262 3530 11 0 1983 4 2 0
1474281748 658787 21874 26830 140206 17542 8203 615 6993 262 3530 11 0 1983 4 2 0
1474283592 658790 21874 26830 140206 17542 8203 615 6993 262 3530 11 0 1983 4 2 0
1474319901 658815 21874 26830 140206 17542 8203 615 6993 262 3530 11 0 1983 4 2 0
1474367046 658843 21874 26830 140206 17542 8203 615 6993 262 3530 11 0 1983 4 2 0
1474376097 658849 21874 26830 140206 17542 8203 615 6993 262 3530 11 0 1983 4 2 0
1474472181 658871 21874 26830 140206 17542 8203 615 6993 262 3530 11 0 1983 4 2 0
1474473182 658897 21874 26830 140206 17542 8203 615 6993 262 3530 11 0 1983 4 2 0
1474560827 658899 21874 26830 140206 17542 8203 615 6993 262 3530 11 0 1983 4 2 0
1474562495 658901 21874 26830 140206 17542 8203 615 6993 262 3530 11 0 1983 4 2 0
1474574359 658907 21874 26830 140206 17542 8203 615 6993 262 3530 11 0 1983 4 2 0
1474574472 658908 21874 26830 140206 17542 8203 615 6993 262 3530 11 0 1983 4 2 0
1474908524 658991 21874 26830 140206 17542 8203 615 6993 262 3530 11 0 1983 4 2 0
1475066909 659065 21874 26830 140206 17542 8203 615 6993 262 3530 11 0 1983 4 2 0
1475077718 659194 21874 26830 140206 17542 8203 615 6993 262 3530 11 0 1983 4 2 0
1475220199 659216 21874 26830 140206 17542 8203 615 6993 262 3530 11 0 1983 4 2 0
1475365415 659471 21874 26830 140206 17542 8203 615 6993 262 3530 11 0 1983 4 2 0
1475365569 659472 21874 26830 140206 17542 8203 615 6993 262 3530 11 0 1983 4 2 0
1475366291 659473 21874 26830 140206 17542 8203 615 6993 262 3530 11 0 1983 4 2 0
1475367449 659474 21874 26830 140206 17542 8203 615 6993 262 3530 11 0 1983 4 2 0
1475367783 659475 21874 26830 140206 17542 8203 615 6993 262 3530 11 0 1983 4 2 0
1475368076 659476 21874 26830 140206 17542 8203 615 6993 262 3530 11 0 1983 4 2 0
1475503066 659478 21874 26830 140206 17542 8203 615 6993 262 3530 11 0 1983 4 2 0
1478431774 659496 21874 26830 140206 17542 8203 615 6993 262 3530 11 0 1983 4 2 0
1479006874 659496 21874 26831 140206 17542 8203 615 6993 262 3530 11 0 1983 4 2 0
1479112365 659496 21874 26831 140206 17542 8203 615 6993 262 3530 11 0 1983 4 2 0
1479130514 659555 21874 26831 140206 17542 8203 615 6993 262 3530 11 0 1983 4 2 0
1479227760 659565 21874 26831 140206 17542 8203 615 6993 262 3530 11 0 1983 4 2 0
1479230951 659570 21874 26831 140206 17542 8203 615 6993 262 3530 11 0 1983 4 2 0
1481205019 659571 21874 26831 140206 17542 8203 615 6993 262 3530 11 0 1983 4 2 0
1481205493 659599 21874 26831 140206 17542 8203 615 6993 262 3530 11 0 1983 4 2 0
1481212070 659747 21874 26831 140206 17542 8203 615 6993 262 3530 11 0 1983 4 2 0
1481217732 659857 21874 26831 140206 17542 8203 615 6993 262 3530 11 0 1983 4 2 0
1481240383 659866 21874 26831 140206 17542 8203 615 6993 262 3530 11 0 1983 4 2 0
1481293397 659873 21874 26831 140206 17542 8203 615 6993 262 3530 11 0 1983 4 2 0
1481293556 659874 21874 26831 140206 17542 8203 615 6993 262 3530 11 0 1983 4 2 0
1481293943 659875 21874 26831 140206 17542 8203 615 6993 262 3530 11 0 1983 4 2 0
1481294042 659875 21874 26831 140206 17542 8203 615 6993 262 3530 11 0 1983 4 2 0
1481294998 659876 21874 26831 140206 17542 8203 615 6993 262 3530 11 0 1983 4 2 0
1481295093 659876 21874 26831 140206 17542 8203 615 6993 262 3530 11 0 1983 4 2 0
1481295276 659884 21874 26831 140206 17542 8203 615 6993 262 3530 11 0 1983 4 2 0
1481295384 659889 21874 26831 140206 17542 8203 615 6993 262 3530 11 0 1983 4 2 0
1481295526 660212 21874 26831 140206 17542 8203 615 6993 262 3530 11 0 1983 4 2 0
1481301212 660213 21874 26831 140206 17542 8203 615 6993 262 3530 11 0 1983 4 2 0
1481381295 660225 21874 26831 140206 17542 8203 615 6993 262 3530 11 0 1983 4 2 0
1481413775 660352 21874 26831 140206 17542 8203 615 6993 262 3530 11 0 1983 4 2 0
1481797967 660374 21874 26831 140206 17542 8203 615 6993 262 3530 11 0 1983 4 2 0
1481799149 660382 21874 26831 140206 17542 8203 615 6993 262 3530 11 0 1983 4 2 0
1481800335 660383 21874 26831 140206 17542 8203 615 6993 262 3530 11 0 1983 4 2 0
1481802734 660398 21874 26831 140206 17542 8203 615 6993 262 3530 11 0 1983 4 2 0
1481804572 660400 21874 26831 140206 17542 8203 615 6993 262 3530 11 0 1983 4 2 0
1481805513 660405 21874 26831 140206 17542 8203 615 6993 262 3530 11 0 1983 4 2 0
1481806323 660530 21874 26831 140206 17542 8203 615 6993 262 3530 11 0 1983 4 2 0
1481806597 660534 21874 26831 140206 17542 8203 615 6993 262 3530 11 0 1983 4 2 0
1481810329 661905 21874 26831 140206 17542 8203 615 6993 262 3530 11 0 1983 4 2 0
1481819330 661930 21874 26831 140206 17542 8203 615 6993 262 3530 11 0 1983 4 2 0
1481820014 661933 21874 26831 140206 17542 8203 615 6993 262 3530 11 0 1983 4 2 0
1481823484 661951 21874 26831 140206 17542 8203 615 6993 262 3530 11 0 1983 4 2 0
1481901328 662118 21874 26831 140206 17542 8203 615 6993 262 3530 11 0 1983 4 2 0
1482415347 662361 21874 26831 140206 17542 8203 615 6993 262 3530 11 0 1983 4 2 0
1482417097 662389 21874 26831 140206 17542 8203 615 6993 262 3530 11 0 1983 4 2 0
1482434415 662409 21874 26831 140206 17542 8203 615 6993 262 3530 11 0 1983 4 2 0
1482435109 662434 21874 26831 140206 17542 8203 615 6993 262 3530 11 0 1983 4 2 0
1483551670 662434 21874 26831 140206 17542 8203 615 6993 262 3530 11 15 1983 4 2 0
1483551840 662434 21874 26831 140206 17542 8203 615 6993 262 3530 11 15 1983 4 2 0
1483551949 662434 21874 26831 140206 17542 8203 615 6993 262 3530 11 16 1983 4 2 0
1483552865 662467 21874 26831 140206 17542 8203 615 6993 262 3530 11 16 1983 4 2 0
1483554063 662467 21874 26831 140206 17542 8203 615 6993 262 3530 11 16 1983 4 2 0
1483636145 662493 21874 26831 140206 17542 8203 615 6993 262 3530 11 16 1983 4 2 0
1483657015 662690 21874 26831 140206 17542 8203 615 6993 262 3530 11 16 1983 4 2 0
1483657217 662719 21874 26831 140206 17542 8203 615 6993 262 3530 11 16 1983 4 2 0
1485185013 662719 21874 26831 140206 17542 8203 615 6993 262 3530 11 16 1983 4 2 137
1485187275 662719 21874 26831 140206 17542 8203 615 6993 262 3530 11 16 1983 4 2 137
1489417061 662792 21874 26831 140206 17542 8203 615 6993 262 3530 11 16 1983 4 2 137
1489417096 662792 21874 26831 140206 17542 8203 615 6993 262 3530 11 16 1983 4 2 137
1489511821 662822 21874 26831 140206 17542 8203 615 6993 262 3530 11 16 1983 4 2 137
1489566751 662845 21874 26831 140206 17542 8203 615 6993 262 3530 11 16 1983 4 2 137
1489569083 663018 21874 26831 140206 17542 8203 615 6993 262 3530 11 16 1983 4 2 137
1489569557 663024 21874 26831 140206 17542 8203 615 6993 262 3530 11 16 1983 4 2 137
1489570715 663064 21874 26831 140206 17542 8203 615 6993 262 3530 11 16 1983 4 2 137
1489571360 663066 21874 26831 140206 17542 8203 615 6993 262 3530 11 16 1983 4 2 137
1489588499 663106 21874 26831 140206 17542 8203 615 6993 262 3530 11 16 1983 4 2 137
1489590746 663168 21874 26831 140206 17542 8203 615 6993 262 3530 11 16 1983 4 2 137
1489591891 663171 21874 26831 140206 17542 8203 615 6993 262 3530 11 16 1983 4 2 137
1489764519 663238 21874 26831 140206 17542 8203 615 6993 262 3530 11 16 1983 4 2 137
1490118863 663340 21874 26831 140206 17542 8203 615 6993 262 3530 11 16 1983 4 2 137
1490129101 663342 21874 26831 140206 17542 8203 615 6993 262 3530 11 16 1983 4 2 137
1490129248 663343 21874 26831 140206 17542 8203 615 6993 262 3530 11 16 1983 4 2 137
1490131418 663352 21874 26831 140206 17542 8203 615 6993 262 3530 11 16 1983 4 2 137
1490175056 663861 21874 26831 140206 17542 8203 615 6993 262 3530 11 16 1983 4 2 137
1490263162 663867 21874 26831 140206 17542 8203 615 6993 262 3530 11 16 1983 4 2 137
1490458020 663871 21874 26831 140206 17542 8203 615 6993 262 3530 11 16 1983 4 2 137
1490458204 663872 21874 26831 140206 17542 8203 615 6993 262 3530 11 16 1983 4 2 137
1490463103 663896 21874 26831 140206 17542 8203 615 6993 262 3530 11 16 1983 4 2 137
1490463248 663920 21874 26831 140206 17542 8203 615 6993 262 3530 11 16 1983 4 2 137
1490463415 663933 21874 26831 140206 17542 8203 615 6993 262 3530 11 16 1983 4 2 137
1490482559 663939 21874 26831 140206 17542 8203 615 6993 262 3530 11 16 1983 4 2 137
1490603674 663940 21874 26831 140206 17542 8203 615 6993 262 3530 11 16 1983 4 2 137
1490603835 663944 21874 26831 140206 17542 8203 615 6993 262 3530 11 16 1983 4 2 137
1491224727 663982 21874 26831 140206 17542 8203 615 6993 262 3530 11 16 1983 4 2 137
1491316796 664082 21874 26831 140206 17542 8203 615 6993 262 3530 11 16 1983 4 2 137
1492510681 664099 21874 26831 140206 17542 8203 615 6993 262 3530 11 16 1983 4 2 137
