1590766419 0 1 0
1590770319 1 1 0
1590770424 1 2 0
1590770581 2 2 0
1590770597 3 2 0
1590770729 4 2 0
1590770956 5 2 0
1590772083 6 2 0
1590830442 6 2 1
1590830487 6 2 2
1590831013 7 2 2
1590831967 8 2 2
1590832220 9 2 2
1590832373 10 2 2
1590833835 11 2 2
1590835394 12 2 2
1590878594 13 2 2
1590921795 14 2 2
1590964993 15 2 2
1591008196 16 2 2
1591051410 17 2 2
1591082144 18 2 2
1591094582 19 2 2
1591137778 20 2 2
1591180979 21 2 2
1591224176 22 2 2
1591267381 23 2 2
1591310579 24 2 2
1591353779 25 2 2
1591396980 26 2 2
1591440183 27 2 2
1591483378 28 2 2
1591526579 29 2 2
1591569780 30 2 2
1591612982 31 2 2
1591656181 32 2 2
1591699380 33 2 2
1591742575 34 2 2
1591785779 35 2 2
1591828977 36 2 2
1591872182 37 2 2
1591915379 38 2 2
1591958582 39 2 2
1592001782 40 2 2
