1590766419 1024
1590770319 24429
1590770581 24438
1590770597 24439
1590770729 24441
1590770956 24457
1590772083 24417
1590830442 24438
1590830487 24448
1590831013 24455
1590831967 24456
1590832220 24472
1590832373 24474
1590833835 24482
1590835394 24485
1590878594 24488
1590921795 24492
1590964993 24495
1591008196 24505
1591051410 24519
1591082144 18889
1591094582 18895
1591137778 18906
1591180979 18910
1591224176 18917
1591267381 18928
1591310579 18952
1591353779 18956
1591396980 18985
1591440183 18989
1591483378 18992
1591526579 18996
1591569780 19005
1591612982 19013
1591656181 19025
1591699380 19029
1591742575 19048
1591785779 19056
1591828977 19069
1591872182 19080
1591915379 19089
1591958582 19112
1592001782 19125
1592044982 19129
1592088181 19132
1592131384 19136
1592174581 19139
1592217784 19143
1592260985 19153
1592304185 19161
