1590766419 0 1024 0
1590770319 23405 1024 0
1590770424 23405 1025 0
1590770581 23462 1025 0
1590770597 23462 1025 0
1590770729 23520 1025 0
1590770956 23593 1025 0
1590772083 23650 1025 0
1590830442 23650 1025 68
1590830487 23650 1025 78
1590831013 23657 1025 78
1590831967 23661 1025 78
1590832220 23740 1025 78
1590832373 23742 1025 78
1590833835 23794 1025 78
1590835394 23841 1025 78
1590878594 23888 1025 78
1590921795 23936 1025 78
1590964993 23993 1025 78
1591008196 24261 1025 78
1591051410 24339 1025 78
1591082144 24339 1025 78
1591094582 24389 1025 78
1591137778 24649 1025 78
1591180979 24694 1025 78
1591224176 24764 1025 78
1591267381 24839 1025 78
1591310579 24927 1025 78
1591353779 24972 1025 78
1591396980 25067 1025 78
1591440183 25112 1025 78
1591483378 25156 1025 78
1591526579 25201 1025 78
1591569780 25281 1025 78
1591612982 25352 1025 78
1591656181 25428 1025 78
1591699380 25473 1025 78
1591742575 25556 1025 78
1591785779 25627 1025 78
1591828977 25959 1025 78
1591872182 26033 1025 78
1591915379 26106 1025 78
1591958582 26194 1025 78
1592001782 26271 1025 78
1592044982 26316 1025 78
1592088181 26360 1025 78
1592131384 26405 1025 78
1592174581 26460 1025 78
1592217784 26505 1025 78
1592260985 26579 1025 78
1592304185 26650 1025 78
1592347385 26758 1025 78
1592390586 26829 1025 78
1592433785 26909 1025 78
1592476983 26954 1025 78
1592520186 27055 1025 78
1592563385 27134 1025 78
1592606589 27204 1025 78
1592649784 27249 1025 78
1592692984 27293 1025 78
1592736186 27338 1025 78
1592779385 27392 1025 78
1592822585 27463 1025 78
1592865786 27532 1025 78
1592908988 27629 1025 78
1592952186 27698 1025 78
1592995386 27743 1025 78
1593038587 27817 1025 78
1593081787 27862 1025 78
1593124987 27935 1025 78
1593168187 28013 1025 78
1593211389 28089 1025 78
1593254586 28134 1025 78
1593297787 28178 1025 78
1593340988 28223 1025 78
1593384186 28276 1025 78
1593427396 28321 1025 78
1593470588 28403 1025 78
1593513791 28482 1025 78
1593556989 28617 1025 78
1593600188 28662 1025 78
1593643393 28732 1025 78
1593686588 28777 1025 78
1593729788 28821 1025 78
1593772989 28956 1025 78
1593816190 29025 1025 78
1593859390 29070 1025 78
1593902587 29114 1025 78
1593945791 29159 1025 78
1593988988 29212 1025 78
1594032189 29257 1025 78
1594075393 29342 1025 78
1594118594 29416 1025 78
1594161794 29956 1025 78
1594204991 30266 1025 78
1594248192 30310 1025 78
1594291390 30355 1025 78
1594334591 30399 1025 78
1594377791 30483 1025 78
