1586268282 0 1
1586269151 0 2
1586271425 0 3
1586290015 0 4
1586335242 0 5
1586349597 0 6
1586349633 0 7
1586349647 0 8
1586352478 0 9
1586355673 0 10
1586356001 0 11
1586356016 0 12
1586359362 0 13
1586359731 0 14
1586363431 0 15
1586364807 0 16
1586415327 0 17
1586419192 0 18
1586428856 0 19
1586434263 0 20
1586434307 0 21
1586434324 0 22
1586434912 0 23
1586446230 0 24
1586446267 0 25
1586505693 0 26
1586530982 0 27
1586617455 0 28
1586697491 0 29
1586847770 0 30
1586855297 0 31
1587223682 0 32
1587233953 0 33
1587488580 0 34
1587543754 0 35
1587546356 0 36
1587556567 0 37
1587571985 0 38
1588177037 0 39
1588502458 0 40
1588526932 0 41
1588575245 0 42
1589392481 0 43
1589477706 0 44
1589562121 0 45
1589566185 0 46
1589710798 0 47
1589711859 0 48
1590327931 1 48
1590328839 2 48
1592898782 3 48
1597500204 4 48
1601198755 5 48
1601198769 6 48
1604998837 7 48
1606377490 8 48
1606498353 9 48
1606585574 10 48
1607448083 11 48
1607449120 12 48
1608740058 13 48
1611518624 14 48
1613575172 15 48
1613575180 16 48
1613643175 17 48
1616507714 18 48
1616507751 19 48
1617446208 20 48
1617459163 21 48
1617463839 22 48
1617524297 23 48
1618057037 24 48
1618070247 25 48
1621708565 26 48
1621708586 27 48
1621757575 28 48
1621758245 29 48
1621785302 30 48
1623654262 31 48
1639155997 32 48
1644138008 33 48
1668334401 34 48
1668334408 35 48
1688499622 36 48
1688503639 37 48
1694089232 38 48
1695922256 39 48
1695928380 40 48
1695970877 41 48
1695974631 42 48
1695998383 43 48
1696436951 44 48
1696514031 45 48
1696688152 46 48
1699438649 47 48
1699438671 48 48
1699627671 49 48
1700819437 50 48
1700819454 51 48
1701086490 52 48
1701937878 53 48
1703060595 54 48
1703175098 55 48
1704893028 56 48
1705652596 57 48
1707585016 58 48
1709722947 59 48
1710348264 60 48
1710437581 61 48
1713458052 62 48
1713517189 63 48
1716447347 64 48
1716447358 65 48
1718779784 66 48
1724578171 67 48
1724856543 68 48
1725603256 69 48
1726388442 70 48
1727252843 71 48
1727870643 72 48
1734526578 73 48
1741274946 74 48
1741530017 75 48
1741770149 76 48
1745506140 77 48
