1586268282 23019
1586269151 23030
1586271425 23031
1586290015 23039
1586335242 23275
1586349597 23290
1586349633 23381
1586349647 23396
1586352478 23406
1586355673 23429
1586356001 23433
1586356016 23433
1586359362 23447
1586359731 23447
1586363431 23695
1586364807 23697
1586415327 23697
1586419192 23660
1586428856 23664
1586434263 23672
1586434307 23674
1586434324 23667
1586434912 23677
1586446230 23679
1586446267 23739
1586505693 23765
1586530982 23777
1586617455 23780
1586697491 24172
1586847770 29533
1586855297 29532
1587223682 27795
1587233953 27801
1587488580 27950
1587543754 27994
1587546356 27993
1587556567 27820
1587571985 27819
1588177037 27819
1588502458 27826
1588526932 27830
1588575245 27836
1589392481 27848
1589477706 27849
1589562121 27849
1589566185 27871
1589710798 11216
1589711859 11217
1590327931 11228
1590328839 11229
1592898782 11230
1597500204 11231
1601198755 11231
1601198769 11239
1604998837 11247
1606377490 11247
1606498353 11249
1606585574 11229
1607448083 11232
1607449120 11235
1608740058 12272
1611518624 12271
1613575172 12257
1613575180 12261
1613643175 12264
1616507714 12677
1616507751 12710
1621708565 12775
1621708586 12818
1621757575 12829
1621758245 12829
1621785302 12829
1623654262 12825
1639155997 12826
1644138008 12832
1668334401 12835
1668334408 12876
1688499622 12878
1688503639 12925
1694089232 12929
1695922256 15322
1695928380 15336
1695970877 15346
1695974631 15347
1695998383 15357
1696436951 15371
1696514031 15221
1696688152 15236
1699438649 15231
1699438671 9061
1699627671 9061
1700819437 9070
1700819454 9153
1701086490 9362
1701937878 9362
1703060595 9364
1703175098 9364
1704893028 9365
1705652596 9368
1707585016 9369
1709722947 9371
1710348264 9355
1710437581 9355
1713458052 9357
1713517189 9356
1716447347 9361
1716447358 9361
1718779784 9361
1724578171 9356
1724856543 9356
1725603256 9356
1726388442 9358
1727252843 9358
1727870643 9359
1734526578 9359
1741274946 9364
1741530017 9351
1741770149 9351
1745506140 9351
